11:21:37     CPU    %usr   %nice    %sys %iowait    %irq   %soft  %steal  %guest  %gnice   %idle
11:21:38     all    0.34    0.00    8.47    0.04    0.00    0.17    0.00   18.28    0.00   72.64
11:21:38       0    0.00    0.00   31.96    0.00    0.00    0.00    0.00    0.00    0.00   68.04
11:21:38       1    1.23    0.00    9.88    0.00    0.00    0.00    0.00    0.00    0.00   88.89
11:21:38       2    1.06    0.00    1.06    0.00    0.00    0.00    0.00    1.06    0.00   96.81
11:21:38       3    0.00    0.00    5.10    0.00    0.00    0.00    0.00    0.00    0.00   94.90
11:21:38       4    0.00    0.00   26.04    0.00    0.00    0.00    0.00    0.00    0.00   73.96
11:21:38       5    0.00    0.00   25.25    0.00    0.00    0.00    0.00   49.49    0.00   25.25
11:21:38       6    2.04    0.00    1.02    0.00    0.00    0.00    0.00    0.00    0.00   96.94
11:21:38       7    0.00    0.00    2.04    0.00    0.00    0.00    0.00    1.02    0.00   96.94
11:21:38       8    0.00    0.00    0.00    0.00    0.00    2.97    0.00   97.03    0.00    0.00
11:21:38       9    0.00    0.00    0.00    0.00    0.00    0.00    0.00    0.00    0.00  100.00
11:21:38      10    0.00    0.00    0.00    0.00    0.00    0.00    0.00   10.00    0.00   90.00
11:21:38      11    0.00    0.00    0.00    0.00    0.00   15.84    0.00   75.25    0.00    8.91
11:21:38      12    0.00    0.00    0.00    0.00    0.00    0.00    0.00   18.37    0.00   81.63
11:21:38      13    0.00    0.00    2.02    0.00    0.00    0.00    0.00    0.00    0.00   97.98
11:21:38      14    0.00    0.00    0.00    0.00    0.00    0.00    0.00   70.10    0.00   29.90
11:21:38      15    2.04    0.00    2.04    0.00    0.00    0.00    0.00   13.27    0.00   82.65
11:21:38      16    0.00    0.00    0.00    0.00    0.00    0.00    0.00    2.06    0.00   97.94
11:21:38      17    0.00    0.00    0.00    0.00    0.00    0.99    0.00   99.01    0.00    0.00
11:21:38      18    0.00    0.00    0.00    0.00    0.00    0.00    0.00    0.00    0.00  100.00
11:21:38      19    0.00    0.00    2.02    1.01    0.00    0.00    0.00    0.00    0.00   96.97
11:21:38      20    1.00    0.00    0.00    0.00    0.00    0.00    0.00   99.00    0.00    0.00
11:21:38      21    0.00    0.00    0.00    0.00    0.00    5.32    0.00    0.00    0.00   94.68
11:21:38      22    0.00    0.00    0.00    0.00    0.00    0.00    0.00    0.00    0.00  100.00
11:21:38      23    1.00    0.00    0.00    0.00    0.00    0.00    0.00   72.00    0.00   27.00
11:21:38      24    0.99    0.00    0.00    0.00    0.00    0.99    0.00   71.29    0.00   26.73
11:21:38      25    0.00    0.00    0.00    0.00    0.00    0.00    0.00    0.00    0.00  100.00
11:21:38      26    0.00    0.00    3.06    0.00    0.00    0.00    0.00    0.00    0.00   96.94
11:21:38      27    0.00    0.00    2.04    0.00    0.00    0.00    0.00    0.00    0.00   97.96
11:21:38      28    1.00    0.00   59.00    0.00    0.00    1.00    0.00   10.00    0.00   29.00
11:21:38      29    0.00    0.00   30.61    0.00    0.00    0.00    0.00    0.00    0.00   69.39
11:21:38      30    0.99    0.00   15.84    0.99    0.00    0.00    0.00    0.00    0.00   82.18
11:21:38      31    0.00    0.00    1.00    1.00    0.00    0.00    0.00    1.00    0.00   97.00
11:21:38      32    0.00    0.00    0.00    1.00    0.00    0.00    0.00    0.00    0.00   99.00
11:21:38      33    0.00    0.00    7.00    0.00    0.00    0.00    0.00   93.00    0.00    0.00
11:21:38      34    0.00    0.00    6.00    1.00    0.00    2.00    0.00    0.00    0.00   91.00
11:21:38      35    0.00    0.00    0.00    0.00    0.00    0.00    0.00    0.00    0.00  100.00
11:21:38      36    0.00    0.00    0.00    0.00    0.00    0.00    0.00    5.05    0.00   94.95
11:21:38      37    0.00    0.00    0.00    0.00    0.00    0.00    0.00    0.00    0.00  100.00
11:21:38      38    0.00    0.00    0.00    0.00    0.00    0.00    0.00    0.00    0.00  100.00
11:21:38      39    0.00    0.00    5.94    0.00    0.00    0.00    0.00   93.07    0.00    0.99
11:21:38      40    0.00    0.00    4.04    0.00    0.00    0.00    0.00    0.00    0.00   95.96
11:21:38      41    0.00    0.00    1.02    0.00    0.00    0.00    0.00    0.00    0.00   98.98
11:21:38      42    0.00    0.00   12.00    0.00    0.00    0.00    0.00    0.00    0.00   88.00
11:21:38      43    0.00    0.00    0.00    0.00    0.00    0.00    0.00   94.00    0.00    6.00
11:21:38      44    0.00    0.00    9.18    0.00    0.00    0.00    0.00    0.00    0.00   90.82
11:21:38      45    0.00    0.00   47.96    0.00    0.00    0.00    0.00    4.08    0.00   47.96
11:21:38      46    0.00    0.00    0.00    0.00    0.00    0.00    0.00    0.00    0.00  100.00
11:21:38      47    0.00    0.00    0.00    0.00    0.00    0.00    0.00  100.00    0.00    0.00
11:21:38      48    0.00    0.00   13.40    0.00    0.00    0.00    0.00    4.12    0.00   82.47
11:21:38      49    0.00    0.00   61.70    0.00    0.00    0.00    0.00    8.51    0.00   29.79
11:21:38      50    0.00    0.00   47.47    0.00    0.00    0.00    0.00    8.08    0.00   44.44
11:21:38      51    1.04    0.00   39.58    0.00    0.00    0.00    0.00    1.04    0.00   58.33
11:21:38      52    0.00    0.00    0.00    0.00    0.00    0.00    0.00    0.00    0.00  100.00
11:21:38      53    0.00    0.00    0.00    0.00    0.00    0.00    0.00  100.00    0.00    0.00
11:21:38      54    0.00    0.00   55.79    0.00    0.00    0.00    0.00   11.58    0.00   32.63
11:21:38      55    1.00    0.00   30.00    0.00    0.00    0.00    0.00    1.00    0.00   68.00
11:21:38      56    0.00    0.00    0.00    0.00    0.00    0.00    0.00    0.00    0.00  100.00
11:21:38      57    1.01    0.00    1.01    0.00    0.00    0.00    0.00   33.33    0.00   64.65
11:21:38      58    0.00    0.00    9.09    0.00    0.00    0.00    0.00    0.00    0.00   90.91
11:21:38      59    0.00    0.00    2.06    1.03    0.00    0.00    0.00    0.00    0.00   96.91
11:21:38      60    0.00    0.00    1.02    1.02    0.00    0.00    0.00    0.00    0.00   97.96
11:21:38      61    0.00    0.00    2.00    0.00    0.00    0.00    0.00    0.00    0.00   98.00
11:21:38      62    0.00    0.00    2.02    0.00    0.00    0.00    0.00    1.01    0.00   96.97
11:21:38      63    0.00    0.00    4.00    0.00    0.00    0.00    0.00    0.00    0.00   96.00
11:21:38      64    1.00    0.00    2.00    0.00    0.00    0.00    0.00    0.00    0.00   97.00
11:21:38      65    0.00    0.00    1.02    0.00    0.00    0.00    0.00    0.00    0.00   98.98
11:21:38      66    0.00    0.00    1.00    0.00    0.00    0.00    0.00    4.00    0.00   95.00
11:21:38      67    0.00    0.00    4.08    0.00    0.00    0.00    0.00    2.04    0.00   93.88
11:21:38      68    0.99    0.00    0.00    0.00    0.00    0.00    0.00    0.00    0.00   99.01
11:21:38      69    0.00    0.00    1.01    0.00    0.00    0.00    0.00    0.00    0.00   98.99
11:21:38      70    0.00    0.00    0.00    1.00    0.00    0.00    0.00    0.00    0.00   99.00
11:21:38      71    0.00    0.00    0.00    0.00    0.00    0.00    0.00  100.00    0.00    0.00
11:21:38      72    0.00    0.00    1.00    0.00    0.00    1.00    0.00   36.00    0.00   62.00
11:21:38      73    0.00    0.00    2.04    0.00    0.00    0.00    0.00    4.08    0.00   93.88
11:21:38      74    0.00    0.00    4.04    0.00    0.00    0.00    0.00   12.12    0.00   83.84
11:21:38      75    1.01    0.00    5.05    0.00    0.00    1.01    0.00    1.01    0.00   91.92
11:21:38      76    0.00    0.00   26.00    0.00    0.00    0.00    0.00   74.00    0.00    0.00
11:21:38      77    0.00    0.00    1.00    0.00    0.00    1.00    0.00   18.00    0.00   80.00
11:21:38      78    0.00    0.00    0.00    0.00    0.00    0.99    0.00    0.00    0.00   99.01
11:21:38      79    0.00    0.00   30.61    0.00    0.00    0.00    0.00    1.02    0.00   68.37
11:21:38      80    0.00    0.00    0.00    0.00    0.00    0.00    0.00    1.00    0.00   99.00
11:21:38      81    0.00    0.00    0.00    0.00    0.00    0.00    0.00    0.00    0.00  100.00
11:21:38      82    0.00    0.00    2.04    0.00    0.00    0.00    0.00   58.16    0.00   39.80
11:21:38      83    1.02    0.00    7.14    0.00    0.00    0.00    0.00    0.00    0.00   91.84
11:21:38      84    0.00    0.00    1.02    0.00    0.00    0.00    0.00   90.82    0.00    8.16
11:21:38      85    0.00    0.00    0.00    0.00    0.00    0.00    0.00    0.00    0.00  100.00
11:21:38      86    1.01    0.00    0.00    0.00    0.00    1.01    0.00   75.76    0.00   22.22
11:21:38      87    1.01    0.00   18.18    0.00    0.00    0.00    0.00    0.00    0.00   80.81
11:21:38      88    0.00    0.00   14.00    0.00    0.00    1.00    0.00    0.00    0.00   85.00
11:21:38      89    0.00    0.00    0.00    0.00    0.00    0.00    0.00    0.00    0.00  100.00
11:21:38      90    0.00    0.00    0.00    0.00    0.00    0.00    0.00    0.00    0.00  100.00
11:21:38      91    0.00    0.00    0.00    0.00    0.00    0.00    0.00    0.00    0.00  100.00
11:21:38      92    1.00    0.00    0.00    0.00    0.00    0.00    0.00   86.00    0.00   13.00
11:21:38      93    0.00    0.00    0.00    0.00    0.00    0.00    0.00    9.18    0.00   90.82
11:21:38      94    0.00    0.00   11.22    0.00    0.00    0.00    0.00    0.00    0.00   88.78
11:21:38      95    0.00    0.00    0.00    0.00    0.00    0.00    0.00    0.00    0.00  100.00
11:21:38      96    0.00    0.00    2.04    0.00    0.00    0.00    0.00    1.02    0.00   96.94
11:21:38      97    0.00    0.00    2.04    0.00    0.00    0.00    0.00    0.00    0.00   97.96
11:21:38      98    0.00    0.00    1.00    0.00    0.00    0.00    0.00    0.00    0.00   99.00
11:21:38      99    0.00    0.00  100.00    0.00    0.00    0.00    0.00    0.00    0.00    0.00
11:21:38     100    0.00    0.00    0.00    0.00    0.00    0.00    0.00    1.01    0.00   98.99
11:21:38     101    0.00    0.00    0.00    0.00    0.00    0.00    0.00  100.00    0.00    0.00
11:21:38     102    0.00    0.00    0.00    0.00    0.00    0.99    0.00   99.01    0.00    0.00
11:21:38     103    0.00    0.00    5.21    0.00    0.00    0.00    0.00    0.00    0.00   94.79
11:21:38     104    0.00    0.00    1.00    0.00    0.00    0.00    0.00    0.00    0.00   99.00
11:21:38     105    1.01    0.00    3.03    0.00    0.00    0.00    0.00    0.00    0.00   95.96
11:21:38     106    0.00    0.00    0.00    0.00    0.00    0.99    0.00   82.18    0.00   16.83
11:21:38     107    0.00    0.00    1.01    0.00    0.00    0.00    0.00   18.18    0.00   80.81
11:21:38     108    0.00    0.00    0.00    0.00    0.00    0.00    0.00    1.01    0.00   98.99
11:21:38     109    1.01    0.00    0.00    0.00    0.00    0.00    0.00   33.33    0.00   65.66
11:21:38     110    0.00    0.00    8.00    0.00    0.00    1.00    0.00   91.00    0.00    0.00
11:21:38     111    0.00    0.00    2.02    0.00    0.00    0.00    0.00    0.00    0.00   97.98
11:21:38     112    0.00    0.00   30.30    0.00    0.00    0.00    0.00    3.03    0.00   66.67
11:21:38     113    0.00    0.00   40.43    0.00    0.00    0.00    0.00    2.13    0.00   57.45
11:21:38     114    0.00    0.00    8.42    0.00    0.00    0.00    0.00    0.00    0.00   91.58
11:21:38     115    0.00    0.00    0.00    0.00    0.00    0.00    0.00    0.00    0.00  100.00
11:21:38     116    0.00    0.00    3.96    0.00    0.00    0.00    0.00    0.00    0.00   96.04
11:21:38     117    0.00    0.00   49.47    0.00    0.00    0.00    0.00   47.37    0.00    3.16
11:21:38     118    1.02    0.00    1.02    0.00    0.00    0.00    0.00    0.00    0.00   97.96
11:21:38     119    0.00    0.00    2.04    0.00    0.00    0.00    0.00    0.00    0.00   97.96
11:21:38     120    0.00    0.00    8.16    0.00    0.00    0.00    0.00    0.00    0.00   91.84
11:21:38     121    0.00    0.00   11.11    0.00    0.00    4.04    0.00    0.00    0.00   84.85
11:21:38     122    0.00    0.00    4.04    0.00    0.00    1.01    0.00   94.95    0.00    0.00
11:21:38     123    0.00    0.00    2.00    0.00    0.00    0.00    0.00    1.00    0.00   97.00
11:21:38     124    0.00    0.00    2.02    0.00    0.00    0.00    0.00    0.00    0.00   97.98
11:21:38     125    0.00    0.00    0.00    0.00    0.00    0.00    0.00  100.00    0.00    0.00
11:21:38     126    0.00    0.00    6.12    0.00    0.00    0.00    0.00    0.00    0.00   93.88
11:21:38     127    2.08    0.00    0.00    0.00    0.00    0.00    0.00    0.00    0.00   97.92
11:21:38     128    0.00    0.00    1.01    0.00    0.00    0.00    0.00    1.01    0.00   97.98
11:21:38     129    0.00    0.00    2.02    0.00    0.00    0.00    0.00    0.00    0.00   97.98
11:21:38     130    0.00    0.00    5.05    0.00    0.00    0.00    0.00    4.04    0.00   90.91
11:21:38     131    3.00    0.00    2.00    0.00    0.00    0.00    0.00    1.00    0.00   94.00
11:21:38     132    0.00    0.00    7.00    0.00    0.00    0.00    0.00    0.00    0.00   93.00
11:21:38     133   23.76    0.00   44.55    0.00    0.00    0.00    0.00    0.00    0.00   31.68
11:21:38     134    1.03    0.00    7.22    0.00    0.00    0.00    0.00    7.22    0.00   84.54
11:21:38     135    1.01    0.00    5.05    1.01    0.00    0.00    0.00    7.07    0.00   85.86
11:21:38     136    0.00    0.00    5.38    0.00    0.00    0.00    0.00    1.08    0.00   93.55
11:21:38     137    0.00    0.00   13.40    0.00    0.00    0.00    0.00    0.00    0.00   86.60
11:21:38     138    0.00    0.00   15.62    0.00    0.00    0.00    0.00    4.17    0.00   80.21
11:21:38     139    0.00    0.00    7.29    0.00    0.00    0.00    0.00   11.46    0.00   81.25
11:21:38     140    1.01    0.00    1.01    0.00    0.00    0.00    0.00    0.00    0.00   97.98
11:21:38     141    1.01    0.00    0.00    0.00    0.00    0.00    0.00    0.00    0.00   98.99
11:21:38     142    0.00    0.00    1.02    0.00    0.00    0.00    0.00    1.02    0.00   97.96
11:21:38     143    0.00    0.00    1.03    0.00    0.00    0.00    0.00    1.03    0.00   97.94
11:21:38     144    0.00    0.00    6.00    0.00    0.00    0.00    0.00   31.00    0.00   63.00
11:21:38     145    1.01    0.00    0.00    0.00    0.00    0.00    0.00    4.04    0.00   94.95
11:21:38     146    0.00    0.00    8.08    0.00    0.00    0.00    0.00    0.00    0.00   91.92
11:21:38     147    0.00    0.00    6.06    0.00    0.00    0.00    0.00    0.00    0.00   93.94
11:21:38     148    0.00    0.00    3.06    0.00    0.00    0.00    0.00   42.86    0.00   54.08
11:21:38     149    0.00    0.00    2.04    0.00    0.00    0.00    0.00    0.00    0.00   97.96
11:21:38     150    0.00    0.00    0.00    0.00    0.00    0.00    0.00    7.07    0.00   92.93
11:21:38     151    0.00    0.00    2.04    0.00    0.00    0.00    0.00   25.51    0.00   72.45
11:21:38     152    0.00    0.00    1.03    0.00    0.00    0.00    0.00   15.46    0.00   83.51
11:21:38     153    0.00    0.00    2.04    0.00    0.00    0.00    0.00    0.00    0.00   97.96
11:21:38     154    0.00    0.00   24.49    0.00    0.00    0.00    0.00    0.00    0.00   75.51
11:21:38     155    0.00    0.00   12.00    0.00    0.00    0.00    0.00    0.00    0.00   88.00
11:21:38     156    0.00    0.00    3.06    0.00    0.00    0.00    0.00    0.00    0.00   96.94
11:21:38     157    1.02    0.00    6.12    0.00    0.00    0.00    0.00    0.00    0.00   92.86
11:21:38     158    0.00    0.00    0.00    0.00    0.00    0.00    0.00    0.00    0.00  100.00
11:21:38     159    0.00    0.00    1.00    0.00    0.00    0.00    0.00    0.00    0.00   99.00
11:21:38     160    1.01    0.00   11.11    0.00    0.00    0.00    0.00   19.19    0.00   68.69
11:21:38     161    0.00    0.00   10.00    0.00    0.00    0.00    0.00   62.00    0.00   28.00
11:21:38     162    0.00    0.00   13.54    0.00    0.00    0.00    0.00    3.12    0.00   83.33
11:21:38     163    0.00    0.00    2.15    0.00    0.00    0.00    0.00    7.53    0.00   90.32
11:21:38     164    0.00    0.00    1.00    0.00    0.00    0.00    0.00    0.00    0.00   99.00
11:21:38     165    0.00    0.00    1.00    0.00    0.00    0.00    0.00   99.00    0.00    0.00
11:21:38     166    2.00    0.00    2.00    1.00    0.00    0.00    0.00    0.00    0.00   95.00
11:21:38     167    0.00    0.00    2.00    0.00    0.00    0.00    0.00    0.00    0.00   98.00
11:21:38     168    0.00    0.00    1.04    0.00    0.00    0.00    0.00    0.00    0.00   98.96
11:21:38     169    0.00    0.00    2.08    0.00    0.00    0.00    0.00    0.00    0.00   97.92
11:21:38     170    0.00    0.00    0.00    0.00    0.00    0.00    0.00    0.00    0.00  100.00
11:21:38     171    0.00    0.00    1.01    0.00    0.00    0.00    0.00    0.00    0.00   98.99
11:21:38     172    0.00    0.00    2.04    0.00    0.00    0.00    0.00    0.00    0.00   97.96
11:21:38     173    0.00    0.00    2.04    0.00    0.00    0.00    0.00    0.00    0.00   97.96
11:21:38     174    1.00    0.00   19.00    0.00    0.00    0.00    0.00    0.00    0.00   80.00
11:21:38     175    7.07    0.00    0.00    0.00    0.00    0.00    0.00    0.00    0.00   92.93
11:21:38     176    0.00    0.00   10.10    0.00    0.00    0.00    0.00   13.13    0.00   76.77
11:21:38     177    0.00    0.00    0.00    0.00    0.00    0.00    0.00  100.00    0.00    0.00
11:21:38     178    0.00    0.00   52.00    0.00    0.00    0.00    0.00   48.00    0.00    0.00
11:21:38     179    1.00    0.00    0.00    0.00    0.00    0.00    0.00    0.00    0.00   99.00
11:21:38     180    0.00    0.00    1.02    0.00    0.00    0.00    0.00    2.04    0.00   96.94
11:21:38     181    1.03    0.00    0.00    0.00    0.00    0.00    0.00    1.03    0.00   97.94
11:21:38     182    0.00    0.00   26.00    0.00    0.00    0.00    0.00   12.00    0.00   62.00
11:21:38     183    0.00    0.00   54.00    0.00    0.00    0.00    0.00    9.00    0.00   37.00
11:21:38     184    0.00    0.00    0.00    0.00    0.00    0.00    0.00    0.00    0.00  100.00
11:21:38     185    0.00    0.00    2.00    0.00    0.00    0.00    0.00   78.00    0.00   20.00
11:21:38     186    0.00    0.00   69.00    0.00    0.00    0.00    0.00    8.00    0.00   23.00
11:21:38     187    0.00    0.00   24.00    0.00    0.00    0.00    0.00    1.00    0.00   75.00
11:21:38     188    0.00    0.00    0.00    0.00    0.00    0.00    0.00    0.00    0.00  100.00
11:21:38     189    0.00    0.00    0.00    0.00    0.00    0.00    0.00   67.00    0.00   33.00
11:21:38     190    0.00    0.00   11.11    0.00    0.00    0.00    0.00    0.00    0.00   88.89
11:21:38     191    0.00    0.00   14.00    0.00    0.00    0.00    0.00    0.00    0.00   86.00
11:21:38     192    0.00    0.00    0.00    0.00    0.00    0.00    0.00  100.00    0.00    0.00
11:21:38     193    0.00    0.00    0.00    0.00    0.00    0.00    0.00    0.00    0.00  100.00
11:21:38     194    0.00    0.00    0.00    0.00    0.00    0.00    0.00    3.00    0.00   97.00
11:21:38     195    0.00    0.00   76.77    0.00    0.00    0.00    0.00   20.20    0.00    3.03
11:21:38     196    0.00    0.00    0.00    0.00    0.00    0.00    0.00  100.00    0.00    0.00
11:21:38     197    0.00    0.00    0.00    0.00    0.00    0.00    0.00    0.00    0.00  100.00
11:21:38     198    0.00    0.00   21.65    0.00    0.00    0.00    0.00   32.99    0.00   45.36
11:21:38     199    0.99    0.00   35.64    0.00    0.00    0.00    0.00    3.96    0.00   59.41
11:21:38     200    0.00    0.00    4.00    0.00    0.00    0.00    0.00    0.00    0.00   96.00
11:21:38     201    0.00    0.00   30.93    0.00    0.00    0.00    0.00   14.43    0.00   54.64
11:21:38     202    0.00    0.00   23.76    0.00    0.00    0.00    0.00    0.99    0.00   75.25
11:21:38     203    0.00    0.00   22.68    0.00    0.00    0.00    0.00    1.03    0.00   76.29
11:21:38     204    0.00    0.00    0.00    0.00    0.00    0.00    0.00  100.00    0.00    0.00
11:21:38     205    0.00    0.00    0.00    0.00    0.00    0.00    0.00    0.00    0.00  100.00
11:21:38     206    0.00    0.00    9.00    0.00    0.00    0.00    0.00    0.00    0.00   91.00
11:21:38     207   15.31    0.00    3.06    0.00    0.00    0.00    0.00    0.00    0.00   81.63
11:21:38     208    1.00    0.00    4.00    0.00    0.00    0.00    0.00    0.00    0.00   95.00
11:21:38     209    0.00    0.00    7.07    0.00    0.00    0.00    0.00    0.00    0.00   92.93
11:21:38     210    0.00    0.00    0.00    0.00    0.00    0.00    0.00    0.00    0.00  100.00
11:21:38     211    0.00    0.00    4.00    0.00    0.00    0.00    0.00    1.00    0.00   95.00
11:21:38     212    0.00    0.00    0.00    0.00    0.00    0.00    0.00   39.39    0.00   60.61
11:21:38     213    0.00    0.00    1.98    0.00    0.00    0.00    0.00   26.73    0.00   71.29
11:21:38     214    0.00    0.00    2.04    0.00    0.00    0.00    0.00    0.00    0.00   97.96
11:21:38     215    0.00    0.00    7.29    0.00    0.00    0.00    0.00    0.00    0.00   92.71
11:21:38     216    0.00    0.00   22.00    0.00    0.00    0.00    0.00    1.00    0.00   77.00
11:21:38     217    0.00    0.00   34.34    0.00    0.00    0.00    0.00   44.44    0.00   21.21
11:21:38     218    0.00    0.00    0.00    0.00    0.00    0.00    0.00   73.74    0.00   26.26
11:21:38     219    0.00    0.00    0.00    0.00    0.00    0.00    0.00    7.00    0.00   93.00
11:21:38     220    0.00    0.00    0.00    0.00    0.00    0.00    0.00    0.00    0.00  100.00
11:21:38     221    0.00    0.00    0.00    0.00    0.00    0.00    0.00  100.00    0.00    0.00
11:21:38     222    0.00    0.00    0.00    0.00    0.00    0.00    0.00    0.00    0.00  100.00
11:21:38     223    0.00    0.00    0.00    0.00    0.00    0.00    0.00  100.00    0.00    0.00
11:21:38     224    0.00    0.00    5.15    0.00    0.00    0.00    0.00    0.00    0.00   94.85
11:21:38     225    9.09    0.00   10.10    0.00    0.00    0.00    0.00    0.00    0.00   80.81
11:21:38     226    0.00    0.00    0.00    0.00    0.00    0.00    0.00   76.77    0.00   23.23
11:21:38     227    0.00    0.00    6.06    0.00    0.00    0.00    0.00    3.03    0.00   90.91
11:21:38     228    0.00    0.00    0.00    0.00    0.00    0.00    0.00   35.00    0.00   65.00
11:21:38     229    0.00    0.00    0.00    0.00    0.00    0.00    0.00    0.00    0.00  100.00
11:21:38     230    0.00    0.00   44.44    0.00    0.00    0.00    0.00   12.12    0.00   43.43
11:21:38     231    0.00    0.00    0.00    0.00    0.00    0.00    0.00   38.14    0.00   61.86
11:21:38     232    0.00    0.00    3.09    0.00    0.00    0.00    0.00   18.56    0.00   78.35
11:21:38     233    0.00    0.00   11.22    0.00    0.00    0.00    0.00    2.04    0.00   86.73
11:21:38     234    0.00    0.00    4.08    0.00    0.00    0.00    0.00    0.00    0.00   95.92
11:21:38     235    0.00    0.00    1.02    0.00    0.00    0.00    0.00    0.00    0.00   98.98
11:21:38     236    0.00    0.00    8.16    0.00    0.00    0.00    0.00    0.00    0.00   91.84
11:21:38     237    0.00    0.00    9.00    0.00    0.00    0.00    0.00    0.00    0.00   91.00
11:21:38     238    0.00    0.00    0.00    0.00    0.00    0.00    0.00    0.00    0.00  100.00
11:21:38     239    0.00    0.00    0.00    0.00    0.00    0.00    0.00  100.00    0.00    0.00
11:21:38     240    0.00    0.00    3.12    0.00    0.00    0.00    0.00    2.08    0.00   94.79
11:21:38     241    1.02    0.00   10.20    0.00    0.00    0.00    0.00    0.00    0.00   88.78
11:21:38     242    0.00    0.00    0.00    0.00    0.00    0.00    0.00  100.00    0.00    0.00
11:21:38     243    1.96    0.00    0.00    0.00    0.00    0.00    0.00    1.96    0.00   96.08
11:21:38     244    0.00    0.00   27.55    0.00    0.00    0.00    0.00    0.00    0.00   72.45
11:21:38     245    0.00    0.00   24.24    0.00    0.00    0.00    0.00    0.00    0.00   75.76
11:21:38     246    0.00    0.00   37.37    0.00    0.00    0.00    0.00   62.63    0.00    0.00
11:21:38     247    0.00    0.00    0.00    0.00    0.00    0.00    0.00    0.00    0.00  100.00
11:21:38     248    0.00    0.00   21.21    0.00    0.00    0.00    0.00    0.00    0.00   78.79
11:21:38     249    0.00    0.00    8.00    0.00    0.00    0.00    0.00    0.00    0.00   92.00
11:21:38     250    0.00    0.00    0.00    0.00    0.00    0.00    0.00  100.00    0.00    0.00
11:21:38     251    0.00    0.00    0.00    0.00    0.00    0.00    0.00    0.00    0.00  100.00
11:21:38     252    0.00    0.00   62.89    0.00    0.00    0.00    0.00    0.00    0.00   37.11
11:21:38     253    0.00    0.00   31.58    0.00    0.00    0.00    0.00   24.21    0.00   44.21
11:21:38     254    0.00    0.00    0.00    0.00    0.00    0.00    0.00  100.00    0.00    0.00
11:21:38     255    0.00    0.00    0.00    0.00    0.00    0.00    0.00    0.00    0.00  100.00

11:21:38     CPU    %usr   %nice    %sys %iowait    %irq   %soft  %steal  %guest  %gnice   %idle
11:21:39     all    0.38    0.00    9.73    0.78    0.00    0.25    0.00   16.74    0.00   72.04
11:21:39       0    1.20    0.00    0.00    0.00    0.00    0.00    0.00    7.23    0.00   91.57
11:21:39       1    7.14    0.00    3.06    0.00    0.00    0.00    0.00    0.00    0.00   89.80
11:21:39       2    0.00    0.00    1.08    0.00    0.00    0.00    0.00    0.00    0.00   98.92
11:21:39       3    1.02    0.00    2.04    0.00    0.00    0.00    0.00   48.98    0.00   47.96
11:21:39       4    1.01    0.00    0.00    0.00    0.00    0.00    0.00    0.00    0.00   98.99
11:21:39       5    0.00    0.00    0.00    0.00    0.00    1.00    0.00   99.00    0.00    0.00
11:21:39       6    1.02    0.00    0.00    0.00    0.00    0.00    0.00    0.00    0.00   98.98
11:21:39       7    0.00    0.00    1.02    0.00    0.00    0.00    0.00    0.00    0.00   98.98
11:21:39       8    0.00    0.00   19.19    0.00    0.00    1.01    0.00   79.80    0.00    0.00
11:21:39       9    0.00    0.00    0.00    0.00    0.00    0.00    0.00    0.00    0.00  100.00
11:21:39      10    0.00    0.00    5.00    0.00    0.00    0.00    0.00    0.00    0.00   95.00
11:21:39      11    0.00    0.00    0.00    0.00    0.00   28.00    0.00   62.00    0.00   10.00
11:21:39      12    0.00    0.00    0.00    0.00    0.00    0.00    0.00   46.46    0.00   53.54
11:21:39      13    0.00    0.00    0.00    0.00    0.00    0.00    0.00    1.03    0.00   98.97
11:21:39      14    0.00    0.00    7.00    0.00    0.00    0.00    0.00   50.00    0.00   43.00
11:21:39      15    0.00    0.00   26.53    0.00    0.00    0.00    0.00   13.27    0.00   60.20
11:21:39      16    0.00    0.00    8.08    1.01    0.00    0.00    0.00   11.11    0.00   79.80
11:21:39      17    0.00    0.00    1.01    0.00    0.00    1.01    0.00   97.98    0.00    0.00
11:21:39      18    0.00    0.00   26.32    1.05    0.00    0.00    0.00    0.00    0.00   72.63
11:21:39      19    0.00    0.00    1.06    0.00    0.00    0.00    0.00    0.00    0.00   98.94
11:21:39      20    0.00    0.00   67.01    0.00    0.00    1.03    0.00    8.25    0.00   23.71
11:21:39      21    0.00    0.00   13.27    0.00    0.00    9.18    0.00    1.02    0.00   76.53
11:21:39      22    0.99    0.00    5.94    0.00    0.00    0.00    0.00    0.00    0.00   93.07
11:21:39      23    0.00    0.00    0.99    0.00    0.00    0.00    0.00   99.01    0.00    0.00
11:21:39      24    0.00    0.00    0.00    0.00    0.00    1.01    0.00   60.61    0.00   38.38
11:21:39      25    1.01    0.00    0.00    0.00    0.00    0.00    0.00    0.00    0.00   98.99
11:21:39      26    1.04    0.00    1.04    0.00    0.00    0.00    0.00    0.00    0.00   97.92
11:21:39      27    0.00    0.00    1.05    0.00    0.00    0.00    0.00    2.11    0.00   96.84
11:21:39      28    0.00    0.00   68.75    0.00    0.00    0.00    0.00   31.25    0.00    0.00
11:21:39      29    1.01    0.00    0.00   10.10    0.00    0.00    0.00    0.00    0.00   88.89
11:21:39      30    0.00    0.00    1.03    9.28    0.00    0.00    0.00   26.80    0.00   62.89
11:21:39      31    0.00    0.00    2.02    0.00    0.00    0.00    0.00    1.01    0.00   96.97
11:21:39      32    0.00    0.00    0.00    0.00    0.00    0.00    0.00    0.00    0.00  100.00
11:21:39      33    0.00    0.00    0.00    0.00    0.00    0.00    0.00  100.00    0.00    0.00
11:21:39      34    0.00    0.00    9.00    0.00    0.00    0.00    0.00    0.00    0.00   91.00
11:21:39      35    0.00    0.00    3.06   13.27    0.00    0.00    0.00    0.00    0.00   83.67
11:21:39      36    0.00    0.00    0.00    0.00    0.00    0.00    0.00   33.67    0.00   66.33
11:21:39      37    0.00    0.00    1.02    0.00    0.00    0.00    0.00    0.00    0.00   98.98
11:21:39      38    0.00    0.00    0.00    0.00    0.00    0.00    0.00    0.00    0.00  100.00
11:21:39      39    0.00    0.00    0.00    0.00    0.00    0.00    0.00  100.00    0.00    0.00
11:21:39      40    0.00    0.00    0.00    0.00    0.00    0.00    0.00    0.00    0.00  100.00
11:21:39      41    0.00    0.00    1.01    1.01    0.00    0.00    0.00    0.00    0.00   97.98
11:21:39      42    0.00    0.00   35.79    0.00    0.00    0.00    0.00   16.84    0.00   47.37
11:21:39      43    1.00    0.00    0.00    0.00    0.00    0.00    0.00   66.00    0.00   33.00
11:21:39      44    0.00    0.00   51.52    0.00    0.00    0.00    0.00    0.00    0.00   48.48
11:21:39      45    0.00    0.00    4.08   13.27    0.00    0.00    0.00    0.00    0.00   82.65
11:21:39      46    0.00    0.00    0.00    0.00    0.00    0.00    0.00    0.00    0.00  100.00
11:21:39      47    0.00    0.00   14.00    0.00    0.00    1.00    0.00   85.00    0.00    0.00
11:21:39      48    0.00    0.00   23.23    0.00    0.00    1.01    0.00   27.27    0.00   48.48
11:21:39      49    0.00    0.00   31.68    0.00    0.00    0.00    0.00    2.97    0.00   65.35
11:21:39      50    1.01    0.00   21.21    0.00    0.00    0.00    0.00    0.00    0.00   77.78
11:21:39      51    0.00    0.00   47.47    0.00    0.00    0.00    0.00   13.13    0.00   39.39
11:21:39      52    0.00    0.00    0.00    0.00    0.00    0.00    0.00    0.00    0.00  100.00
11:21:39      53    0.00    0.00    0.00    0.00    0.00    0.00    0.00  100.00    0.00    0.00
11:21:39      54    0.00    0.00   58.59    0.00    0.00    0.00    0.00   11.11    0.00   30.30
11:21:39      55    0.00    0.00   16.16    0.00    0.00    0.00    0.00    8.08    0.00   75.76
11:21:39      56    0.00    0.00    2.02    0.00    0.00    0.00    0.00    0.00    0.00   97.98
11:21:39      57    0.00    0.00    0.00   14.29    0.00    0.00    0.00   16.33    0.00   69.39
11:21:39      58    0.00    0.00    5.05    0.00    0.00    0.00    0.00    1.01    0.00   93.94
11:21:39      59    1.02    0.00    3.06    0.00    0.00    0.00    0.00    0.00    0.00   95.92
11:21:39      60    0.00    0.00    1.03    0.00    0.00    0.00    0.00    0.00    0.00   98.97
11:21:39      61    0.00    0.00    4.08    0.00    0.00    0.00    0.00    0.00    0.00   95.92
11:21:39      62    0.00    0.00    0.00    0.00    0.00    0.00    0.00   19.39    0.00   80.61
11:21:39      63    0.00    0.00   25.25    0.00    0.00    0.00    0.00   59.60    0.00   15.15
11:21:39      64    1.02    0.00   12.24    0.00    0.00    1.02    0.00    1.02    0.00   84.69
11:21:39      65    1.05    0.00   17.89    0.00    0.00    0.00    0.00    4.21    0.00   76.84
11:21:39      66    0.00    0.00    1.03    0.00    0.00    0.00    0.00    1.03    0.00   97.94
11:21:39      67    0.00    0.00    0.00    0.00    0.00    1.01    0.00    7.07    0.00   91.92
11:21:39      68    0.00    0.00    0.00    0.00    0.00    0.00    0.00    0.00    0.00  100.00
11:21:39      69    0.00    0.00    0.00    0.00    0.00    0.00    0.00    0.00    0.00  100.00
11:21:39      70    0.00    0.00    0.00    0.00    0.00    0.00    0.00    0.00    0.00  100.00
11:21:39      71    0.00    0.00   15.00    0.00    0.00    0.00    0.00   85.00    0.00    0.00
11:21:39      72    1.04    0.00    1.04    0.00    0.00    0.00    0.00    0.00    0.00   97.92
11:21:39      73    1.03    0.00    0.00    0.00    0.00    0.00    0.00    5.15    0.00   93.81
11:21:39      74    1.02    0.00   16.33   13.27    0.00    0.00    0.00    0.00    0.00   69.39
11:21:39      75    0.00    0.00    5.15    0.00    0.00    1.03    0.00    0.00    0.00   93.81
11:21:39      76    0.00    0.00    0.00    0.00    0.00    0.00    0.00  100.00    0.00    0.00
11:21:39      77    0.00    0.00    0.00    1.00    0.00    0.00    0.00    0.00    0.00   99.00
11:21:39      78    0.00    0.00   17.35    0.00    0.00    0.00    0.00   15.31    0.00   67.35
11:21:39      79    0.00    0.00    3.00    0.00    0.00    0.00    0.00    0.00    0.00   97.00
11:21:39      80    0.00    0.00    0.00    0.00    0.00    0.00    0.00    0.00    0.00  100.00
11:21:39      81    0.00    0.00    0.99   13.86    0.00    0.00    0.00    0.00    0.00   85.15
11:21:39      82    0.00    0.00    1.02    4.08    0.00    0.00    0.00    0.00    0.00   94.90
11:21:39      83    0.00    0.00   14.00    0.00    0.00    0.00    0.00    0.00    0.00   86.00
11:21:39      84    0.00    0.00    0.00    0.00    0.00    0.00    0.00   13.00    0.00   87.00
11:21:39      85    0.00    0.00    0.00    0.00    0.00    1.01    0.00   62.63    0.00   36.36
11:21:39      86    0.00    0.00    0.00   13.13    0.00    0.00    0.00    0.00    0.00   86.87
11:21:39      87    0.00    0.00    3.96    0.00    0.00    0.00    0.00    0.00    0.00   96.04
11:21:39      88    0.00    0.00    0.00    0.00    0.00    0.00    0.00    0.00    0.00  100.00
11:21:39      89    0.00    0.00    0.00    0.00    0.00    0.00    0.00    0.00    0.00  100.00
11:21:39      90    0.00    0.00    0.00    0.00    0.00    0.00    0.00    0.00    0.00  100.00
11:21:39      91    0.00    0.00    0.00   13.27    0.00    0.00    0.00    0.00    0.00   86.73
11:21:39      92    0.00    0.00    0.00    0.00    0.00    0.00    0.00    0.00    0.00  100.00
11:21:39      93    0.00    0.00    0.00    0.00    0.00    0.00    0.00   41.41    0.00   58.59
11:21:39      94    0.00    0.00    0.00    0.00    0.00    0.00    0.00    0.00    0.00  100.00
11:21:39      95    0.00    0.00    1.02    0.00    0.00    0.00    0.00    0.00    0.00   98.98
11:21:39      96    2.04    0.00    0.00    0.00    0.00    0.00    0.00    0.00    0.00   97.96
11:21:39      97    0.00    0.00    1.03    0.00    0.00    0.00    0.00    0.00    0.00   98.97
11:21:39      98    0.00    0.00    0.00    1.01    0.00    0.00    0.00    0.00    0.00   98.99
11:21:39      99    0.00    0.00   99.00    0.00    0.00    1.00    0.00    0.00    0.00    0.00
11:21:39     100    0.00    0.00    2.04    0.00    0.00    0.00    0.00    5.10    0.00   92.86
11:21:39     101    0.00    0.00    0.00    0.00    0.00    0.00    0.00   71.00    0.00   29.00
11:21:39     102    0.00    0.00    0.00    0.00    0.00    1.01    0.00   74.75    0.00   24.24
11:21:39     103    0.00    0.00   14.14    0.00    0.00    0.00    0.00    0.00    0.00   85.86
11:21:39     104    0.00    0.00    0.00    0.00    0.00    0.00    0.00    1.01    0.00   98.99
11:21:39     105    0.00    0.00    0.00    0.00    0.00    0.00    0.00   20.20    0.00   79.80
11:21:39     106    0.00    0.00    6.06    0.00    0.00    0.00    0.00   36.36    0.00   57.58
11:21:39     107    0.00    0.00   61.00    0.00    0.00    0.00    0.00    0.00    0.00   39.00
11:21:39     108    0.00    0.00    0.00    0.00    0.00    1.01    0.00   69.70    0.00   29.29
11:21:39     109    0.00    0.00   15.00    0.00    0.00    0.00    0.00    0.00    0.00   85.00
11:21:39     110    0.00    0.00   14.00    0.00    0.00    2.00    0.00   67.00    0.00   17.00
11:21:39     111    0.00    0.00    1.01    0.00    0.00    0.00    0.00    0.00    0.00   98.99
11:21:39     112    0.00    0.00   73.20    0.00    0.00    0.00    0.00   22.68    0.00    4.12
11:21:39     113    0.00    0.00    4.00    0.00    0.00    0.00    0.00    0.00    0.00   96.00
11:21:39     114    0.00    0.00    5.00    0.00    0.00    0.00    0.00    0.00    0.00   95.00
11:21:39     115    0.00    0.00    3.00   14.00    0.00    0.00    0.00    0.00    0.00   83.00
11:21:39     116    0.00    0.00    0.00    0.00    0.00    0.00    0.00    0.00    0.00  100.00
11:21:39     117    0.00    0.00   90.62    0.00    0.00    0.00    0.00    2.08    0.00    7.29
11:21:39     118    0.00    0.00    2.04   12.24    0.00    0.00    0.00    1.02    0.00   84.69
11:21:39     119    0.00    0.00   10.20    0.00    0.00    0.00    0.00    0.00    0.00   89.80
11:21:39     120    0.00    0.00    8.08    0.00    0.00    0.00    0.00   41.41    0.00   50.51
11:21:39     121    0.00    0.00   17.35    0.00    0.00    8.16    0.00    0.00    0.00   74.49
11:21:39     122    0.00    0.00    9.18    0.00    0.00    2.04    0.00   35.71    0.00   53.06
11:21:39     123    0.00    0.00    7.07    0.00    0.00    0.00    0.00    0.00    0.00   92.93
11:21:39     124    0.00    0.00    1.01    0.00    0.00    0.00    0.00    0.00    0.00   98.99
11:21:39     125    0.00    0.00    0.00    0.00    0.00    0.00    0.00   90.91    0.00    9.09
11:21:39     126    0.00    0.00    4.12   12.37    0.00    0.00    0.00    0.00    0.00   83.51
11:21:39     127    0.00    0.00    1.04   12.50    0.00    0.00    0.00    0.00    0.00   86.46
11:21:39     128    1.02    0.00    1.02    0.00    0.00    0.00    0.00    0.00    0.00   97.96
11:21:39     129    0.00    0.00    4.08    0.00    0.00    0.00    0.00    0.00    0.00   95.92
11:21:39     130    1.03    0.00    1.03    0.00    0.00    0.00    0.00    7.22    0.00   90.72
11:21:39     131    1.02    0.00    2.04    0.00    0.00    0.00    0.00    1.02    0.00   95.92
11:21:39     132    0.00    0.00    0.00    0.00    0.00    0.00    0.00    0.00    0.00  100.00
11:21:39     133    0.00    0.00   46.94    0.00    0.00    0.00    0.00    0.00    0.00   53.06
11:21:39     134    0.00    0.00    0.00    0.00    0.00    0.00    0.00   58.59    0.00   41.41
11:21:39     135    2.04    0.00   11.22    0.00    0.00    0.00    0.00    0.00    0.00   86.73
11:21:39     136    0.00    0.00    5.21    0.00    0.00    0.00    0.00    4.17    0.00   90.62
11:21:39     137    0.00    0.00    1.05    0.00    0.00    0.00    0.00    2.11    0.00   96.84
11:21:39     138    0.00    0.00    8.16   13.27    0.00    0.00    0.00    1.02    0.00   77.55
11:21:39     139    0.00    0.00    2.08    0.00    0.00    0.00    0.00    1.04    0.00   96.88
11:21:39     140    0.00    0.00   13.54    0.00    0.00    0.00    0.00    0.00    0.00   86.46
11:21:39     141    0.00    0.00    1.06    1.06    0.00    0.00    0.00    0.00    0.00   97.87
11:21:39     142    1.04    0.00   10.42    0.00    0.00    0.00    0.00    0.00    0.00   88.54
11:21:39     143    1.00    0.00    8.00    1.00    0.00    0.00    0.00    0.00    0.00   90.00
11:21:39     144    0.00    0.00    3.12    0.00    0.00    0.00    0.00    8.33    0.00   88.54
11:21:39     145    0.00    0.00    2.02    0.00    0.00    0.00    0.00   24.24    0.00   73.74
11:21:39     146    0.00    0.00    8.25    0.00    0.00    0.00    0.00    0.00    0.00   91.75
11:21:39     147    1.01    0.00    2.02    0.00    0.00    0.00    0.00   20.20    0.00   76.77
11:21:39     148    1.01    0.00    2.02    0.00    0.00    0.00    0.00    5.05    0.00   91.92
11:21:39     149    2.04    0.00    1.02    0.00    0.00    0.00    0.00    0.00    0.00   96.94
11:21:39     150    0.00    0.00    1.02    0.00    0.00    0.00    0.00    0.00    0.00   98.98
11:21:39     151    0.00    0.00    0.00    0.00    0.00    0.00    0.00   29.59    0.00   70.41
11:21:39     152    0.00    0.00    0.00    0.00    0.00    0.00    0.00    1.04    0.00   98.96
11:21:39     153    2.02    0.00    2.02    0.00    0.00    0.00    0.00    0.00    0.00   95.96
11:21:39     154    7.07    0.00    1.01    0.00    0.00    0.00    0.00    0.00    0.00   91.92
11:21:39     155    0.00    0.00    0.00    0.00    0.00    0.00    0.00    0.00    0.00  100.00
11:21:39     156    1.02    0.00    2.04    0.00    0.00    0.00    0.00    0.00    0.00   96.94
11:21:39     157    1.03    0.00    9.28    0.00    0.00    0.00    0.00    0.00    0.00   89.69
11:21:39     158    2.00    0.00   13.00    0.00    0.00    0.00    0.00   37.00    0.00   48.00
11:21:39     159    1.01    0.00   11.11    0.00    0.00    0.00    0.00   36.36    0.00   51.52
11:21:39     160    0.00    0.00   31.68    0.00    0.00    0.00    0.00   68.32    0.00    0.00
11:21:39     161    2.02    0.00    0.00    0.00    0.00    0.00    0.00    0.00    0.00   97.98
11:21:39     162    0.00    0.00   31.31    0.00    0.00    0.00    0.00    1.01    0.00   67.68
11:21:39     163    1.02    0.00    8.16    1.02    0.00    0.00    0.00    1.02    0.00   88.78
11:21:39     164    0.00    0.00    0.00    0.00    0.00    0.00    0.00    0.00    0.00  100.00
11:21:39     165    0.00    0.00    0.00    0.00    0.00    0.00    0.00  100.00    0.00    0.00
11:21:39     166    0.00    0.00    0.00    0.00    0.00    0.00    0.00    2.06    0.00   97.94
11:21:39     167    3.09    0.00    0.00    0.00    0.00    0.00    0.00   13.40    0.00   83.51
11:21:39     168    0.00    0.00    1.02    0.00    0.00    0.00    0.00    0.00    0.00   98.98
11:21:39     169    2.04    0.00    2.04    0.00    0.00    0.00    0.00    0.00    0.00   95.92
11:21:39     170    2.06    0.00    2.06    0.00    0.00    0.00    0.00    0.00    0.00   95.88
11:21:39     171    1.03    0.00    1.03    0.00    0.00    0.00    0.00    2.06    0.00   95.88
11:21:39     172    0.00    0.00    4.95    0.00    0.00    0.00    0.00    0.99    0.00   94.06
11:21:39     173    0.00    0.00    2.02    0.00    0.00    0.00    0.00    0.00    0.00   97.98
11:21:39     174    0.00    0.00   11.11    0.00    0.00    0.00    0.00    0.00    0.00   88.89
11:21:39     175    0.99    0.00   20.79    0.00    0.00    0.00    0.00    0.00    0.00   78.22
11:21:39     176   13.13    0.00    0.00    7.07    0.00    0.00    0.00    0.00    0.00   79.80
11:21:39     177    1.00    0.00    0.00    0.00    0.00    0.00    0.00   99.00    0.00    0.00
11:21:39     178    0.00    0.00   62.00    0.00    0.00    0.00    0.00    8.00    0.00   30.00
11:21:39     179    0.00    0.00   26.00    0.00    0.00    0.00    0.00    3.00    0.00   71.00
11:21:39     180    1.01    0.00    1.01    0.00    0.00    0.00    0.00    1.01    0.00   96.97
11:21:39     181    0.00    0.00    0.00    0.00    0.00    0.00    0.00    1.06    0.00   98.94
11:21:39     182    0.00    0.00   12.12    1.01    0.00    0.00    0.00    0.00    0.00   86.87
11:21:39     183    0.00    0.00   13.13    0.00    0.00    0.00    0.00    6.06    0.00   80.81
11:21:39     184    1.02    0.00    1.02    0.00    0.00    0.00    0.00    0.00    0.00   97.96
11:21:39     185    0.00    0.00   12.12    0.00    0.00    0.00    0.00   61.62    0.00   26.26
11:21:39     186    0.00    0.00   66.00    0.00    0.00    0.00    0.00    0.00    0.00   34.00
11:21:39     187    0.00    0.00   34.69    0.00    0.00    0.00    0.00    0.00    0.00   65.31
11:21:39     188    0.00    0.00    1.00    0.00    0.00    0.00    0.00    0.00    0.00   99.00
11:21:39     189    0.00    0.00   24.00    0.00    0.00    0.00    0.00   55.00    0.00   21.00
11:21:39     190    0.00    0.00    0.00    0.00    0.00    0.00    0.00   51.52    0.00   48.48
11:21:39     191    0.00    0.00    0.00    0.00    0.00    0.00    0.00   12.37    0.00   87.63
11:21:39     192    0.00    0.00    0.00    0.00    0.00    0.00    0.00  100.00    0.00    0.00
11:21:39     193    0.00    0.00    0.00    0.00    0.00    0.00    0.00    0.00    0.00  100.00
11:21:39     194    0.00    0.00   83.00    0.00    0.00    0.00    0.00   17.00    0.00    0.00
11:21:39     195    0.00    0.00    0.00    0.00    0.00    0.00    0.00    0.00    0.00  100.00
11:21:39     196    0.00    0.00   16.00    0.00    0.00    0.00    0.00   84.00    0.00    0.00
11:21:39     197    0.00    0.00    0.00    0.00    0.00    0.00    0.00    0.00    0.00  100.00
11:21:39     198    1.00    0.00   76.00    0.00    0.00    0.00    0.00   23.00    0.00    0.00
11:21:39     199    0.00    0.00    5.00    0.00    0.00    0.00    0.00    1.00    0.00   94.00
11:21:39     200    2.00    0.00   42.00    0.00    0.00    0.00    0.00    0.00    0.00   56.00
11:21:39     201    0.00    0.00   17.00    0.00    0.00    0.00    0.00    0.00    0.00   83.00
11:21:39     202    1.02    0.00   31.63    0.00    0.00    0.00    0.00    7.14    0.00   60.20
11:21:39     203    0.00    0.00   57.43    0.99    0.00    0.00    0.00    1.98    0.00   39.60
11:21:39     204    0.00    0.00    1.00    0.00    0.00    0.00    0.00   99.00    0.00    0.00
11:21:39     205    0.00    0.00    0.00    0.00    0.00    0.00    0.00    0.00    0.00  100.00
11:21:39     206    0.00    0.00    2.97    0.00    0.00    0.00    0.00   49.50    0.00   47.52
11:21:39     207    0.00    0.00    2.00    0.00    0.00    0.00    0.00    0.00    0.00   98.00
11:21:39     208    0.00    0.00    0.00    0.00    0.00    0.00    0.00    0.00    0.00  100.00
11:21:39     209    0.00    0.00    9.09    0.00    0.00    0.00    0.00    0.00    0.00   90.91
11:21:39     210    0.00    0.00    1.04    0.00    0.00    0.00    0.00    0.00    0.00   98.96
11:21:39     211    0.00    0.00    0.00    0.00    0.00    0.00    0.00    0.00    0.00  100.00
11:21:39     212    1.01    0.00    0.00    0.00    0.00    0.00    0.00   65.66    0.00   33.33
11:21:39     213    0.00    0.00    0.00    0.00    0.00    0.00    0.00    0.00    0.00  100.00
11:21:39     214    0.00    0.00    1.01    0.00    0.00    0.00    0.00    1.01    0.00   97.98
11:21:39     215    0.00    0.00    0.00    0.00    0.00    0.00    0.00    0.00    0.00  100.00
11:21:39     216    0.00    0.00   98.00    0.00    0.00    0.00    0.00    2.00    0.00    0.00
11:21:39     217    1.00    0.00    0.00    0.00    0.00    0.00    0.00    0.00    0.00   99.00
11:21:39     218    0.00    0.00    1.02    0.00    0.00    0.00    0.00   21.43    0.00   77.55
11:21:39     219    1.03    0.00    1.03    0.00    0.00    0.00    0.00   44.33    0.00   53.61
11:21:39     220    0.00    0.00    0.00    0.00    0.00    0.00    0.00    0.00    0.00  100.00
11:21:39     221    0.00    0.00    0.00    0.00    0.00    0.00    0.00  100.00    0.00    0.00
11:21:39     222    1.02    0.00    2.04    0.00    0.00    0.00    0.00    0.00    0.00   96.94
11:21:39     223    0.00    0.00    1.00    0.00    0.00    0.00    0.00   99.00    0.00    0.00
11:21:39     224    1.01    0.00    2.02    0.00    0.00    0.00    0.00    0.00    0.00   96.97
11:21:39     225   12.24    0.00    6.12    0.00    0.00    0.00    0.00    0.00    0.00   81.63
11:21:39     226    0.00    0.00    1.00    0.00    0.00    0.00    0.00   43.00    0.00   56.00
11:21:39     227    0.00    0.00    2.02    0.00    0.00    0.00    0.00    3.03    0.00   94.95
11:21:39     228    0.00    0.00   25.00    0.00    0.00    0.00    0.00   37.00    0.00   38.00
11:21:39     229    1.01    0.00    1.01    0.00    0.00    0.00    0.00   17.17    0.00   80.81
11:21:39     230    0.00    0.00    2.02    0.00    0.00    0.00    0.00    8.08    0.00   89.90
11:21:39     231    0.00    0.00    0.00    0.00    0.00    0.00    0.00   10.42    0.00   89.58
11:21:39     232    1.06    0.00   27.66    0.00    0.00    0.00    0.00   10.64    0.00   60.64
11:21:39     233    0.00    0.00   17.71    0.00    0.00    0.00    0.00    6.25    0.00   76.04
11:21:39     234    0.00    0.00    6.12    0.00    0.00    0.00    0.00    0.00    0.00   93.88
11:21:39     235    0.00    0.00    7.14    0.00    0.00    0.00    0.00    0.00    0.00   92.86
11:21:39     236    1.02    0.00    3.06    1.02    0.00    0.00    0.00    0.00    0.00   94.90
11:21:39     237    0.00    0.00    0.00    1.02    0.00    0.00    0.00    0.00    0.00   98.98
11:21:39     238    0.00    0.00   10.10    0.00    0.00    0.00    0.00    0.00    0.00   89.90
11:21:39     239    0.00    0.00    0.00    0.00    0.00    0.00    0.00  100.00    0.00    0.00
11:21:39     240    0.00    0.00    9.00    0.00    0.00    0.00    0.00   21.00    0.00   70.00
11:21:39     241    0.00    0.00    3.00    0.00    0.00    0.00    0.00   27.00    0.00   70.00
11:21:39     242    0.99    0.00    1.98    0.00    0.00    0.00    0.00    6.93    0.00   90.10
11:21:39     243    0.00    0.00    6.00    0.00    0.00    0.00    0.00    0.00    0.00   94.00
11:21:39     244    0.99    0.00   15.84    0.00    0.00    0.00    0.00    0.00    0.00   83.17
11:21:39     245    0.00    0.00   12.12    0.00    0.00    0.00    0.00    0.00    0.00   87.88
11:21:39     246    0.00    0.00   63.37    0.00    0.00    0.00    0.00   36.63    0.00    0.00
11:21:39     247    8.91    0.00    0.99    0.00    0.00    0.00    0.00    0.00    0.00   90.10
11:21:39     248    0.00    0.00   10.10    0.00    0.00    0.00    0.00    0.00    0.00   89.90
11:21:39     249    0.00    0.00    7.07    0.00    0.00    0.00    0.00    0.00    0.00   92.93
11:21:39     250    0.00    0.00    0.00    0.00    0.00    0.00    0.00  100.00    0.00    0.00
11:21:39     251    0.00    0.00    0.00    0.00    0.00    0.00    0.00    1.02    0.00   98.98
11:21:39     252    1.01    0.00   54.55    0.00    0.00    0.00    0.00    0.00    0.00   44.44
11:21:39     253    0.00    0.00   18.37    0.00    0.00    0.00    0.00    0.00    0.00   81.63
11:21:39     254    0.00    0.00    0.00    0.00    0.00    0.00    0.00  100.00    0.00    0.00
11:21:39     255    0.00    0.00    0.00    0.00    0.00    0.00    0.00    0.00    0.00  100.00

11:21:39     CPU    %usr   %nice    %sys %iowait    %irq   %soft  %steal  %guest  %gnice   %idle
11:21:40     all    0.43    0.00    9.29    0.21    0.00    0.15    0.00   16.51    0.00   73.36
11:21:40       0    0.00    0.00   28.05    0.00    0.00    0.00    0.00    1.22    0.00   70.73
11:21:40       1    0.00    0.00    1.02    0.00    0.00    0.00    0.00    0.00    0.00   98.98
11:21:40       2    0.00    0.00    0.00    0.00    0.00    0.00    0.00    0.00    0.00  100.00
11:21:40       3    0.00    0.00    0.00    0.00    0.00    0.00    0.00  100.00    0.00    0.00
11:21:40       4    0.00    0.00    2.02    1.01    0.00    0.00    0.00    5.05    0.00   91.92
11:21:40       5    1.02    0.00    6.12    3.06    0.00    2.04    0.00   64.29    0.00   23.47
11:21:40       6    0.00    0.00    2.06    0.00    0.00    0.00    0.00    0.00    0.00   97.94
11:21:40       7    0.00    0.00    2.06    0.00    0.00    0.00    0.00    0.00    0.00   97.94
11:21:40       8    0.00    0.00    0.00    0.00    0.00    1.98    0.00   98.02    0.00    0.00
11:21:40       9    0.00    0.00    2.00    0.00    0.00    0.00    0.00    0.00    0.00   98.00
11:21:40      10    0.00    0.00    0.00    0.00    0.00    0.00    0.00    0.00    0.00  100.00
11:21:40      11    0.00    0.00    0.00    0.00    0.00   22.00    0.00   78.00    0.00    0.00
11:21:40      12    0.00    0.00    0.00    0.00    0.00    0.00    0.00   20.41    0.00   79.59
11:21:40      13    0.00    0.00   58.16    0.00    0.00    0.00    0.00    2.04    0.00   39.80
11:21:40      14    0.00    0.00    8.08    0.00    0.00    1.01    0.00   53.54    0.00   37.37
11:21:40      15    0.00    0.00   29.90    0.00    0.00    0.00    0.00    0.00    0.00   70.10
11:21:40      16    0.00    0.00    0.00    0.00    0.00    0.00    0.00    0.00    0.00  100.00
11:21:40      17    0.00    0.00    0.00    0.00    0.00    0.00    0.00  100.00    0.00    0.00
11:21:40      18    1.01    0.00    8.08    0.00    0.00    0.00    0.00    0.00    0.00   90.91
11:21:40      19    0.00    0.00    7.14    0.00    0.00    0.00    0.00    0.00    0.00   92.86
11:21:40      20    1.00    0.00   24.00    0.00    0.00    1.00    0.00   59.00    0.00   15.00
11:21:40      21    0.00    0.00   18.00    0.00    0.00    0.00    0.00    0.00    0.00   82.00
11:21:40      22    0.00    0.00    0.00    0.00    0.00    0.00    0.00    0.00    0.00  100.00
11:21:40      23    0.00    0.00    0.00    0.00    0.00    0.00    0.00  100.00    0.00    0.00
11:21:40      24    0.00    0.00    0.00    0.00    0.00    0.00    0.00   99.00    0.00    1.00
11:21:40      25    1.03    0.00    0.00    0.00    0.00    0.00    0.00   13.40    0.00   85.57
11:21:40      26    1.05    0.00    4.21    1.05    0.00    0.00    0.00    4.21    0.00   89.47
11:21:40      27    0.00    0.00    2.13    3.19    0.00    0.00    0.00    0.00    0.00   94.68
11:21:40      28    1.01    0.00   56.57    0.00    0.00    0.00    0.00   42.42    0.00    0.00
11:21:40      29    1.00    0.00    0.00    0.00    0.00    0.00    0.00    0.00    0.00   99.00
11:21:40      30    0.00    0.00    1.03    0.00    0.00    0.00    0.00   20.62    0.00   78.35
11:21:40      31    0.00    0.00   35.79    0.00    0.00    0.00    0.00    2.11    0.00   62.11
11:21:40      32    0.00    0.00    9.09    0.00    0.00    0.00    0.00    0.00    0.00   90.91
11:21:40      33    1.00    0.00    0.00    0.00    0.00    0.00    0.00   99.00    0.00    0.00
11:21:40      34    0.00    0.00    4.08    0.00    0.00    0.00    0.00    0.00    0.00   95.92
11:21:40      35    0.00    0.00    9.00    0.00    0.00    0.00    0.00    0.00    0.00   91.00
11:21:40      36    0.00    0.00    2.00    0.00    0.00    0.00    0.00    0.00    0.00   98.00
11:21:40      37    1.02    0.00    0.00    0.00    0.00    0.00    0.00    0.00    0.00   98.98
11:21:40      38    0.00    0.00    0.00    0.00    0.00    0.00    0.00    0.00    0.00  100.00
11:21:40      39    0.00    0.00    0.00    0.00    0.00    0.00    0.00  100.00    0.00    0.00
11:21:40      40    0.00    0.00    0.00    0.00    0.00    0.00    0.00    0.00    0.00  100.00
11:21:40      41    0.00    0.00    0.00    0.00    0.00    0.00    0.00    0.00    0.00  100.00
11:21:40      42    0.00    0.00    4.04    1.01    0.00    0.00    0.00    0.00    0.00   94.95
11:21:40      43    0.00    0.00   11.22    0.00    0.00    0.00    0.00   15.31    0.00   73.47
11:21:40      44    0.00    0.00    0.99    0.00    0.00    0.00    0.00   36.63    0.00   62.38
11:21:40      45    0.00    0.00    1.02    0.00    0.00    0.00    0.00    0.00    0.00   98.98
11:21:40      46    0.00    0.00    0.00    0.00    0.00    0.00    0.00    0.00    0.00  100.00
11:21:40      47    0.00    0.00    0.00    0.00    0.00    0.00    0.00  100.00    0.00    0.00
11:21:40      48    0.00    0.00   11.00    0.00    0.00    1.00    0.00    7.00    0.00   81.00
11:21:40      49    1.00    0.00    0.00    0.00    0.00    0.00    0.00    6.00    0.00   93.00
11:21:40      50    0.00    0.00    1.01    0.00    0.00    0.00    0.00    0.00    0.00   98.99
11:21:40      51    0.00    0.00   14.14    0.00    0.00    0.00    0.00    0.00    0.00   85.86
11:21:40      52    0.00    0.00    0.00    0.00    0.00    0.00    0.00    0.00    0.00  100.00
11:21:40      53    0.00    0.00    0.00    0.00    0.00    0.00    0.00  100.00    0.00    0.00
11:21:40      54    0.00    0.00   17.17    0.00    0.00    0.00    0.00    0.00    0.00   82.83
11:21:40      55    0.00    0.00   22.45    0.00    0.00    0.00    0.00   46.94    0.00   30.61
11:21:40      56    0.00    0.00    2.04    0.00    0.00    0.00    0.00    1.02    0.00   96.94
11:21:40      57    0.00    0.00   15.00    0.00    0.00    0.00    0.00   85.00    0.00    0.00
11:21:40      58    0.00    0.00    0.00    0.00    0.00    0.00    0.00    0.00    0.00  100.00
11:21:40      59    0.00    0.00    0.00    0.00    0.00    0.00    0.00    0.00    0.00  100.00
11:21:40      60    0.00    0.00   13.13    0.00    0.00    0.00    0.00    0.00    0.00   86.87
11:21:40      61    1.01    0.00    1.01    0.00    0.00    0.00    0.00    0.00    0.00   97.98
11:21:40      62    0.00    0.00    1.98    0.00    0.00    0.00    0.00    0.00    0.00   98.02
11:21:40      63    0.00    0.00    0.00    0.00    0.00    0.00    0.00   95.96    0.00    4.04
11:21:40      64    0.00    0.00    0.00    0.00    0.00    0.00    0.00    0.00    0.00  100.00
11:21:40      65    0.00    0.00    0.00    0.00    0.00    0.00    0.00    0.00    0.00  100.00
11:21:40      66    1.01    0.00    0.00    0.00    0.00    0.00    0.00    0.00    0.00   98.99
11:21:40      67    0.00    0.00    2.04    0.00    0.00    0.00    0.00    2.04    0.00   95.92
11:21:40      68    0.00    0.00    0.00    0.00    0.00    0.00    0.00    0.00    0.00  100.00
11:21:40      69    0.00    0.00    0.00    0.00    0.00    0.00    0.00    0.00    0.00  100.00
11:21:40      70    0.99    0.00    1.98    0.00    0.00    0.00    0.00    0.00    0.00   97.03
11:21:40      71    0.00    0.00    0.00    0.00    0.00    0.00    0.00  100.00    0.00    0.00
11:21:40      72    1.02    0.00    1.02    0.00    0.00    0.00    0.00   57.14    0.00   40.82
11:21:40      73    0.00    0.00   26.60    0.00    0.00    0.00    0.00   23.40    0.00   50.00
11:21:40      74    0.00    0.00    1.03    0.00    0.00    0.00    0.00    0.00    0.00   98.97
11:21:40      75    0.00    0.00    1.03    0.00    0.00    0.00    0.00    0.00    0.00   98.97
11:21:40      76    0.00    0.00    1.01    0.00    0.00    1.01    0.00   77.78    0.00   20.20
11:21:40      77    1.00    0.00    1.00    0.00    0.00    0.00    0.00    0.00    0.00   98.00
11:21:40      78    0.00    0.00   30.69    0.00    0.00    0.99    0.00   47.52    0.00   20.79
11:21:40      79    0.00    0.00    0.00    0.00    0.00    0.00    0.00    6.12    0.00   93.88
11:21:40      80    0.00    0.00    0.00    0.00    0.00    0.00    0.00    0.00    0.00  100.00
11:21:40      81    0.00    0.00    1.01    1.01    0.00    1.01    0.00    0.00    0.00   96.97
11:21:40      82    0.00    0.00   27.27    0.00    0.00    0.00    0.00    0.00    0.00   72.73
11:21:40      83    0.00    0.00    6.12    4.08    0.00    0.00    0.00    0.00    0.00   89.80
11:21:40      84    0.00    0.00    0.00    0.00    0.00    0.00    0.00    0.00    0.00  100.00
11:21:40      85    1.01    0.00    0.00    0.00    0.00    0.00    0.00   59.60    0.00   39.39
11:21:40      86    0.00    0.00    8.00    0.00    0.00    0.00    0.00    0.00    0.00   92.00
11:21:40      87    0.00    0.00    0.00    1.00    0.00    0.00    0.00    0.00    0.00   99.00
11:21:40      88    0.00    0.00   14.29    0.00    0.00    0.00    0.00    0.00    0.00   85.71
11:21:40      89    0.00    0.00    0.00    0.00    0.00    0.00    0.00    0.00    0.00  100.00
11:21:40      90    1.00    0.00    1.00    0.00    0.00    0.00    0.00    0.00    0.00   98.00
11:21:40      91    0.00    0.00    1.01    0.00    0.00    0.00    0.00    0.00    0.00   98.99
11:21:40      92    0.00    0.00    0.00    0.00    0.00    0.00    0.00    0.00    0.00  100.00
11:21:40      93    0.00    0.00    0.00    0.00    0.00    0.00    0.00   50.51    0.00   49.49
11:21:40      94    0.00    0.00    0.00    0.00    0.00    0.00    0.00    0.00    0.00  100.00
11:21:40      95    0.98    0.00   32.35    0.00    0.00    0.00    0.00   15.69    0.00   50.98
11:21:40      96    1.03    0.00    2.06    2.06    0.00    0.00    0.00    1.03    0.00   93.81
11:21:40      97    1.02    0.00    5.10    0.00    0.00    0.00    0.00    1.02    0.00   92.86
11:21:40      98    0.00    0.00    0.00    0.00    0.00    0.00    0.00    1.00    0.00   99.00
11:21:40      99    0.00    0.00  100.00    0.00    0.00    0.00    0.00    0.00    0.00    0.00
11:21:40     100    0.00    0.00    0.00    0.00    0.00    2.00    0.00   85.00    0.00   13.00
11:21:40     101    0.00    0.00    1.00    0.00    0.00    0.00    0.00    0.00    0.00   99.00
11:21:40     102    1.01    0.00    7.07    0.00    0.00    0.00    0.00    0.00    0.00   91.92
11:21:40     103    0.99    0.00   19.80    0.00    0.00    0.00    0.00    0.00    0.00   79.21
11:21:40     104    0.00    0.00    0.00    0.00    0.00    0.00    0.00    0.00    0.00  100.00
11:21:40     105    0.00    0.00    0.00    0.00    0.00    0.00    0.00    4.08    0.00   95.92
11:21:40     106    0.00    0.00   32.32    0.00    0.00    0.00    0.00    0.00    0.00   67.68
11:21:40     107    0.00    0.00   61.62    0.00    0.00    0.00    0.00    6.06    0.00   32.32
11:21:40     108    1.00    0.00    0.00    0.00    0.00    0.00    0.00   26.00    0.00   73.00
11:21:40     109    0.00    0.00    0.00    0.00    0.00    0.00    0.00    0.00    0.00  100.00
11:21:40     110    0.00    0.00    0.00    0.00    0.00    0.00    0.00    0.00    0.00  100.00
11:21:40     111    0.00    0.00    7.00    1.00    0.00    0.00    0.00    0.00    0.00   92.00
11:21:40     112    0.00    0.00    0.00    0.00    0.00    1.00    0.00   99.00    0.00    0.00
11:21:40     113    0.00    0.00    0.00    2.00    0.00    0.00    0.00    0.00    0.00   98.00
11:21:40     114    1.00    0.00    0.00    0.00    0.00    0.00    0.00    0.00    0.00   99.00
11:21:40     115    0.00    0.00    0.00    0.00    0.00    0.00    0.00    0.00    0.00  100.00
11:21:40     116    0.00    0.00   21.78    0.00    0.00    0.99    0.00    7.92    0.00   69.31
11:21:40     117    0.00    0.00   45.45    0.00    0.00    0.00    0.00   25.25    0.00   29.29
11:21:40     118    1.01    0.00    0.00    0.00    0.00    0.00    0.00    0.00    0.00   98.99
11:21:40     119    0.00    0.00    0.00    0.00    0.00    0.00    0.00    0.00    0.00  100.00
11:21:40     120    1.03    0.00    1.03    0.00    0.00    0.00    0.00    0.00    0.00   97.94
11:21:40     121    0.00    0.00    1.01    0.00    0.00    0.00    0.00    0.00    0.00   98.99
11:21:40     122    0.00    0.00    0.00    0.00    0.00    1.01    0.00   64.65    0.00   34.34
11:21:40     123    0.00    0.00    1.01    0.00    0.00    0.00    0.00    0.00    0.00   98.99
11:21:40     124    0.00    0.00    0.00    0.00    0.00    0.00    0.00    0.00    0.00  100.00
11:21:40     125    0.00    0.00    0.00    0.00    0.00    0.00    0.00   96.00    0.00    4.00
11:21:40     126    0.00    0.00    0.00    0.00    0.00    0.00    0.00    0.00    0.00  100.00
11:21:40     127    1.03    0.00    3.09    0.00    0.00    0.00    0.00    0.00    0.00   95.88
11:21:40     128    0.00    0.00    2.04    0.00    0.00    0.00    0.00    0.00    0.00   97.96
11:21:40     129    8.16    0.00    1.02    0.00    0.00    0.00    0.00    1.02    0.00   89.80
11:21:40     130    0.00    0.00   41.58    0.00    0.00    0.00    0.00    2.97    0.00   55.45
11:21:40     131    1.01    0.00   56.57    0.00    0.00    0.00    0.00    8.08    0.00   34.34
11:21:40     132    0.00    0.00    0.00    0.00    0.00    0.00    0.00    1.01    0.00   98.99
11:21:40     133    0.00    0.00  100.00    0.00    0.00    0.00    0.00    0.00    0.00    0.00
11:21:40     134    0.00    0.00    0.00    0.00    0.00    0.00    0.00   67.35    0.00   32.65
11:21:40     135    0.00    0.00   12.24    0.00    0.00    0.00    0.00    0.00    0.00   87.76
11:21:40     136   10.10    0.00    1.01    0.00    0.00    0.00    0.00    0.00    0.00   88.89
11:21:40     137    0.00    0.00    1.03    0.00    0.00    0.00    0.00    0.00    0.00   98.97
11:21:40     138    0.00    0.00    0.00    2.06    0.00    0.00    0.00    0.00    0.00   97.94
11:21:40     139    0.00    0.00    0.00    1.01    0.00    0.00    0.00    0.00    0.00   98.99
11:21:40     140    1.04    0.00    9.38    0.00    0.00    0.00    0.00    0.00    0.00   89.58
11:21:40     141    1.06    0.00    0.00    0.00    0.00    0.00    0.00    0.00    0.00   98.94
11:21:40     142    0.00    0.00    1.02    0.00    0.00    0.00    0.00    1.02    0.00   97.96
11:21:40     143    1.04    0.00    1.04    0.00    0.00    0.00    0.00    0.00    0.00   97.92
11:21:40     144    1.03    0.00    2.06    0.00    0.00    0.00    0.00    9.28    0.00   87.63
11:21:40     145    0.00    0.00   98.02    0.00    0.00    0.00    0.00    1.98    0.00    0.00
11:21:40     146    0.00    0.00    3.09    2.06    0.00    0.00    0.00    0.00    0.00   94.85
11:21:40     147    0.00    0.00    0.00    0.00    0.00    0.00    0.00   67.68    0.00   32.32
11:21:40     148    1.04    0.00    1.04    0.00    0.00    0.00    0.00    3.12    0.00   94.79
11:21:40     149    2.02    0.00    6.06    0.00    0.00    0.00    0.00    2.02    0.00   89.90
11:21:40     150    0.00    0.00    0.00    0.00    0.00    0.00    0.00   15.46    0.00   84.54
11:21:40     151    0.00    0.00    1.03    0.00    0.00    0.00    0.00    3.09    0.00   95.88
11:21:40     152    2.02    0.00    2.02    0.00    0.00    0.00    0.00    0.00    0.00   95.96
11:21:40     153    0.00    0.00    5.05    0.00    0.00    0.00    0.00    6.06    0.00   88.89
11:21:40     154    3.00    0.00    6.00    0.00    0.00    0.00    0.00    0.00    0.00   91.00
11:21:40     155    0.00    0.00    1.01    3.03    0.00    0.00    0.00    0.00    0.00   95.96
11:21:40     156    0.00    0.00    1.06    2.13    0.00    0.00    0.00    0.00    0.00   96.81
11:21:40     157    0.00    0.00    2.02    2.02    0.00    0.00    0.00    0.00    0.00   95.96
11:21:40     158    0.00    0.00   25.51    0.00    0.00    0.00    0.00    0.00    0.00   74.49
11:21:40     159    0.00    0.00   14.00    0.00    0.00    0.00    0.00   56.00    0.00   30.00
11:21:40     160    4.04    0.00   42.42    2.02    0.00    0.00    0.00    0.00    0.00   51.52
11:21:40     161    1.01    0.00   47.47    0.00    0.00    0.00    0.00   13.13    0.00   38.38
11:21:40     162    0.00    0.00   14.00    0.00    0.00    0.00    0.00    0.00    0.00   86.00
11:21:40     163    0.00    0.00   12.24    0.00    0.00    0.00    0.00    0.00    0.00   87.76
11:21:40     164    0.00    0.00    0.00    0.00    0.00    0.00    0.00    0.00    0.00  100.00
11:21:40     165    0.00    0.00    0.00    0.00    0.00    0.00    0.00  100.00    0.00    0.00
11:21:40     166    1.00    0.00    1.00    1.00    0.00    0.00    0.00    0.00    0.00   97.00
11:21:40     167    0.00    0.00   86.00    0.00    0.00    0.00    0.00   12.00    0.00    2.00
11:21:40     168    0.00    0.00    1.02    0.00    0.00    0.00    0.00    0.00    0.00   98.98
11:21:40     169    0.00    0.00    0.00    0.00    0.00    0.00    0.00    0.00    0.00  100.00
11:21:40     170    0.00    0.00    1.03    0.00    0.00    0.00    0.00    0.00    0.00   98.97
11:21:40     171    0.00    0.00    0.00    0.00    0.00    0.00    0.00    8.25    0.00   91.75
11:21:40     172    1.00    0.00    9.00    0.00    0.00    0.00    0.00    0.00    0.00   90.00
11:21:40     173    1.01    0.00    3.03    0.00    0.00    0.00    0.00    0.00    0.00   95.96
11:21:40     174   39.00    0.00    0.00    0.00    0.00    0.00    0.00    0.00    0.00   61.00
11:21:40     175    1.00    0.00    0.00    0.00    0.00    0.00    0.00    0.00    0.00   99.00
11:21:40     176    0.99    0.00    0.00    0.00    0.00    0.00    0.00    0.00    0.00   99.01
11:21:40     177    0.00    0.00    0.00    0.00    0.00    0.00    0.00   87.88    0.00   12.12
11:21:40     178    0.00    0.00   30.30    0.00    0.00    0.00    0.00   57.58    0.00   12.12
11:21:40     179    0.99    0.00    0.99    0.00    0.00    0.00    0.00    0.00    0.00   98.02
11:21:40     180    0.00    0.00    2.06    2.06    0.00    0.00    0.00    0.00    0.00   95.88
11:21:40     181    1.03    0.00    1.03    2.06    0.00    0.00    0.00    1.03    0.00   94.85
11:21:40     182    0.00    0.00    3.00    0.00    0.00    0.00    0.00    0.00    0.00   97.00
11:21:40     183    0.00    0.00    0.00    0.00    0.00    0.00    0.00    0.00    0.00  100.00
11:21:40     184    0.00    0.00   24.24    0.00    0.00    0.00    0.00   24.24    0.00   51.52
11:21:40     185    1.02    0.00    0.00    0.00    0.00    0.00    0.00    0.00    0.00   98.98
11:21:40     186    0.00    0.00   42.42    0.00    0.00    0.00    0.00    0.00    0.00   57.58
11:21:40     187    0.00    0.00   35.35    0.00    0.00    0.00    0.00    1.01    0.00   63.64
11:21:40     188    0.00    0.00    0.00    0.00    0.00    0.00    0.00    0.00    0.00  100.00
11:21:40     189    0.00    0.00    8.08    0.00    0.00    0.00    0.00    1.01    0.00   90.91
11:21:40     190    1.02    0.00    2.04    0.00    0.00    0.00    0.00    0.00    0.00   96.94
11:21:40     191    0.00    0.00    2.04    0.00    0.00    0.00    0.00    0.00    0.00   97.96
11:21:40     192    1.00    0.00    0.00    0.00    0.00    0.00    0.00   99.00    0.00    0.00
11:21:40     193    0.00    0.00    0.00    0.00    0.00    0.00    0.00    0.00    0.00  100.00
11:21:40     194    0.00    0.00   10.89    2.97    0.00    0.00    0.00    0.00    0.00   86.14
11:21:40     195    0.00    0.00   87.13    0.00    0.00    0.00    0.00    1.98    0.00   10.89
11:21:40     196    1.00    0.00   90.00    0.00    0.00    0.00    0.00    9.00    0.00    0.00
11:21:40     197    0.00    0.00    0.00    0.00    0.00    0.00    0.00    0.00    0.00  100.00
11:21:40     198    0.00    0.00    4.04    0.00    0.00    0.00    0.00    0.00    0.00   95.96
11:21:40     199    0.00    0.00   12.00    0.00    0.00    0.00    0.00    0.00    0.00   88.00
11:21:40     200    0.00    0.00    0.00    0.00    0.00    0.00    0.00    0.00    0.00  100.00
11:21:40     201    0.00    0.00   25.00    0.00    0.00    0.00    0.00    0.00    0.00   75.00
11:21:40     202    0.00    0.00    0.00    0.00    0.00    0.00    0.00   22.22    0.00   77.78
11:21:40     203    1.02    0.00    0.00    0.00    0.00    0.00    0.00    0.00    0.00   98.98
11:21:40     204    0.00    0.00    0.00    0.00    0.00    0.00    0.00   98.00    0.00    2.00
11:21:40     205    0.00    0.00    0.00    1.00    0.00    0.00    0.00    0.00    0.00   99.00
11:21:40     206    0.00    0.00    9.09    0.00    0.00    0.00    0.00   80.81    0.00   10.10
11:21:40     207    0.00    0.00    0.00    0.00    0.00    0.00    0.00    0.00    0.00  100.00
11:21:40     208    0.00    0.00    0.00    0.00    0.00    0.00    0.00    0.00    0.00  100.00
11:21:40     209    0.00    0.00    1.01    0.00    0.00    0.00    0.00    0.00    0.00   98.99
11:21:40     210    0.00    0.00   45.00    0.00    0.00    0.00    0.00   21.00    0.00   34.00
11:21:40     211    1.01    0.00   21.21    0.00    0.00    0.00    0.00    0.00    0.00   77.78
11:21:40     212    0.00    0.00   77.23    0.00    0.00    0.00    0.00    2.97    0.00   19.80
11:21:40     213    0.00    0.00   25.00    0.00    0.00    0.00    0.00    0.00    0.00   75.00
11:21:40     214    0.00    0.00    2.06    0.00    0.00    0.00    0.00    0.00    0.00   97.94
11:21:40     215    0.00    0.00    1.02    0.00    0.00    0.00    0.00    0.00    0.00   98.98
11:21:40     216    0.00    0.00   60.00    0.00    0.00    0.00    0.00   35.00    0.00    5.00
11:21:40     217    0.00    0.00    0.00    0.00    0.00    0.00    0.00    0.00    0.00  100.00
11:21:40     218    0.99    0.00    0.99    0.99    0.00    0.00    0.00   33.66    0.00   63.37
11:21:40     219    0.00    0.00    4.12    0.00    0.00    0.00    0.00    5.15    0.00   90.72
11:21:40     220    0.00    0.00    0.00    0.00    0.00    0.00    0.00    0.00    0.00  100.00
11:21:40     221    0.00    0.00    0.00    0.00    0.00    0.00    0.00  100.00    0.00    0.00
11:21:40     222    0.00    0.00    0.00    0.00    0.00    0.00    0.00    0.00    0.00  100.00
11:21:40     223    0.00    0.00    0.00    0.00    0.00    0.00    0.00  100.00    0.00    0.00
11:21:40     224    0.00    0.00    2.08    0.00    0.00    0.00    0.00    0.00    0.00   97.92
11:21:40     225    0.00    0.00    3.03    0.00    0.00    0.00    0.00    0.00    0.00   96.97
11:21:40     226    0.00    0.00   33.67    0.00    0.00    0.00    0.00   55.10    0.00   11.22
11:21:40     227    1.00    0.00    1.00    1.00    0.00    0.00    0.00    3.00    0.00   94.00
11:21:40     228    0.00    0.00    4.04    0.00    0.00    0.00    0.00   38.38    0.00   57.58
11:21:40     229    0.00    0.00    0.00    0.00    0.00    0.00    0.00   63.27    0.00   36.73
11:21:40     230    1.05    0.00    8.42    0.00    0.00    0.00    0.00    1.05    0.00   89.47
11:21:40     231    0.00    0.00    2.06    0.00    0.00    0.00    0.00    2.06    0.00   95.88
11:21:40     232    0.00    0.00   78.00    0.00    0.00    0.00    0.00    9.00    0.00   13.00
11:21:40     233    0.00    0.00   14.29    3.06    0.00    0.00    0.00    0.00    0.00   82.65
11:21:40     234    0.00    0.00    2.04    0.00    0.00    0.00    0.00    0.00    0.00   97.96
11:21:40     235    0.00    0.00    3.09    0.00    0.00    0.00    0.00    0.00    0.00   96.91
11:21:40     236    0.99    0.00    2.97    0.00    0.00    0.00    0.00    0.00    0.00   96.04
11:21:40     237    1.00    0.00    1.00    0.00    0.00    0.00    0.00    0.00    0.00   98.00
11:21:40     238    0.00    0.00    1.98    0.99    0.00    0.00    0.00    0.99    0.00   96.04
11:21:40     239    0.00    0.00    0.00    0.00    0.00    0.00    0.00   99.01    0.00    0.99
11:21:40     240    0.00    0.00    5.88    0.00    0.00    0.00    0.00    3.92    0.00   90.20
11:21:40     241    0.00    0.00   10.48    0.00    0.00    0.00    0.00    9.52    0.00   80.00
11:21:40     242    0.00    0.00    0.99    0.00    0.00    0.00    0.00    1.98    0.00   97.03
11:21:40     243    0.99    0.00    0.00    1.98    0.00    0.00    0.00    0.00    0.00   97.03
11:21:40     244    0.00    0.00    2.00    0.00    0.00    0.00    0.00    0.00    0.00   98.00
11:21:40     245    0.00    0.00   27.72    0.00    0.00    0.00    0.00    0.00    0.00   72.28
11:21:40     246    0.00    0.00    0.00    0.00    0.00    0.00    0.00  100.00    0.00    0.00
11:21:40     247    0.00    0.00    0.00    0.00    0.00    0.00    0.00    0.00    0.00  100.00
11:21:40     248    0.00    0.00    1.01    0.00    0.00    0.00    0.00    0.00    0.00   98.99
11:21:40     249    0.00    0.00   12.00    0.00    0.00    0.00    0.00    0.00    0.00   88.00
11:21:40     250    0.00    0.00    0.00    0.00    0.00    0.00    0.00  100.00    0.00    0.00
11:21:40     251    1.03    0.00    0.00    0.00    0.00    0.00    0.00   15.46    0.00   83.51
11:21:40     252    0.00    0.00    1.00    0.00    0.00    0.00    0.00    1.00    0.00   98.00
11:21:40     253    0.00    0.00    0.00    2.02    0.00    0.00    0.00   21.21    0.00   76.77
11:21:40     254    0.00    0.00    0.00    0.00    0.00    0.00    0.00  100.00    0.00    0.00
11:21:40     255    0.00    0.00    7.07    0.00    0.00    0.00    0.00    0.00    0.00   92.93

11:21:40     CPU    %usr   %nice    %sys %iowait    %irq   %soft  %steal  %guest  %gnice   %idle
11:21:41     all    0.31    0.00   10.21    0.09    0.00    0.10    0.00   17.65    0.00   71.56
11:21:41       0    0.00    0.00   28.24    1.18    0.00    0.00    0.00    0.00    0.00   70.59
11:21:41       1    0.00    0.00    1.01    1.01    0.00    0.00    0.00   48.48    0.00   49.49
11:21:41       2    0.00    0.00    4.17    0.00    0.00    0.00    0.00    0.00    0.00   95.83
11:21:41       3    0.00    0.00    0.00    0.00    0.00    0.00    0.00   47.92    0.00   52.08
11:21:41       4    0.00    0.00    0.00    0.00    0.00    0.00    0.00    9.28    0.00   90.72
11:21:41       5    0.00    0.00   19.19    0.00    0.00    1.01    0.00   57.58    0.00   22.22
11:21:41       6    0.00    0.00    7.14    0.00    0.00    0.00    0.00    0.00    0.00   92.86
11:21:41       7    0.00    0.00    7.22    0.00    0.00    0.00    0.00    0.00    0.00   92.78
11:21:41       8    1.00    0.00    0.00    0.00    0.00    2.00    0.00   97.00    0.00    0.00
11:21:41       9    0.00    0.00    1.01    1.01    0.00    0.00    0.00    0.00    0.00   97.98
11:21:41      10    0.00    0.00    3.06    0.00    0.00    0.00    0.00   35.71    0.00   61.22
11:21:41      11    0.99    0.00    4.95    0.00    0.00   10.89    0.00    0.99    0.00   82.18
11:21:41      12    0.00    0.00    0.00    0.00    0.00    0.00    0.00    0.00    0.00  100.00
11:21:41      13    1.00    0.00   27.00    0.00    0.00    1.00    0.00   45.00    0.00   26.00
11:21:41      14    0.00    0.00    0.00    0.00    0.00    0.00    0.00   22.00    0.00   78.00
11:21:41      15    0.00    0.00    1.01    0.00    0.00    0.00    0.00    0.00    0.00   98.99
11:21:41      16    0.00    0.00    9.00    0.00    0.00    0.00    0.00    0.00    0.00   91.00
11:21:41      17    0.00    0.00    0.00    0.00    0.00    0.00    0.00  100.00    0.00    0.00
11:21:41      18    0.00    0.00    1.03    0.00    0.00    0.00    0.00   28.87    0.00   70.10
11:21:41      19    0.00    0.00   24.49    0.00    0.00    0.00    0.00    0.00    0.00   75.51
11:21:41      20    0.00    0.00   84.21    0.00    0.00    1.05    0.00    3.16    0.00   11.58
11:21:41      21    0.00    0.00   11.22    0.00    0.00    0.00    0.00    0.00    0.00   88.78
11:21:41      22    0.00    0.00    0.00    0.00    0.00    0.00    0.00    0.00    0.00  100.00
11:21:41      23    0.00    0.00   48.48    0.00    0.00    0.00    0.00   50.51    0.00    1.01
11:21:41      24    0.00    0.00    1.04    0.00    0.00    0.00    0.00   14.58    0.00   84.38
11:21:41      25    0.00    0.00    0.00    0.00    0.00    0.00    0.00   77.78    0.00   22.22
11:21:41      26    0.00    0.00   26.88    0.00    0.00    0.00    0.00    4.30    0.00   68.82
11:21:41      27    0.00    0.00    1.06    0.00    0.00    0.00    0.00    0.00    0.00   98.94
11:21:41      28    0.00    0.00    5.00    0.00    0.00    0.00    0.00   95.00    0.00    0.00
11:21:41      29    1.01    0.00    0.00    0.00    0.00    0.00    0.00    0.00    0.00   98.99
11:21:41      30    1.00    0.00   13.00    0.00    0.00    0.00    0.00   44.00    0.00   42.00
11:21:41      31    0.00    0.00    2.04    0.00    0.00    0.00    0.00    6.12    0.00   91.84
11:21:41      32    0.00    0.00    0.00    0.00    0.00    0.00    0.00    0.00    0.00  100.00
11:21:41      33    0.00    0.00   13.86    0.00    0.00    0.00    0.00   85.15    0.00    0.99
11:21:41      34    1.01    0.00   42.42    0.00    0.00    0.00    0.00   39.39    0.00   17.17
11:21:41      35    0.00    0.00   17.00    1.00    0.00    0.00    0.00    0.00    0.00   82.00
11:21:41      36    0.00    0.00    7.29    1.04    0.00    0.00    0.00   12.50    0.00   79.17
11:21:41      37    0.00    0.00   15.96    0.00    0.00    0.00    0.00   13.83    0.00   70.21
11:21:41      38    0.00    0.00    0.00    0.00    0.00    0.00    0.00    0.00    0.00  100.00
11:21:41      39    0.00    0.00   54.55    0.00    0.00    0.00    0.00   45.45    0.00    0.00
11:21:41      40    0.00    0.00    0.00    0.00    0.00    0.00    0.00    0.00    0.00  100.00
11:21:41      41    0.00    0.00    1.00    0.00    0.00    0.00    0.00    0.00    0.00   99.00
11:21:41      42    0.00    0.00    0.00    1.00    0.00    0.00    0.00    0.00    0.00   99.00
11:21:41      43    0.00    0.00   58.16    0.00    0.00    0.00    0.00    4.08    0.00   37.76
11:21:41      44    0.00    0.00    0.00    0.00    0.00    2.00    0.00   41.00    0.00   57.00
11:21:41      45    1.02    0.00    1.02    0.00    0.00    0.00    0.00   61.22    0.00   36.73
11:21:41      46    0.00    0.00    0.00    0.00    0.00    0.00    0.00    0.00    0.00  100.00
11:21:41      47    0.00    0.00    0.00    0.00    0.00    0.00    0.00  100.00    0.00    0.00
11:21:41      48    1.01    0.00    1.01    0.00    0.00    0.00    0.00    0.00    0.00   97.98
11:21:41      49    0.00    0.00   44.33    1.03    0.00    0.00    0.00   29.90    0.00   24.74
11:21:41      50    0.00    0.00    0.00    0.00    0.00    0.00    0.00   29.29    0.00   70.71
11:21:41      51    0.00    0.00    1.02    0.00    0.00    0.00    0.00    0.00    0.00   98.98
11:21:41      52    0.00    0.00    0.00    0.00    0.00    0.00    0.00    0.00    0.00  100.00
11:21:41      53    0.00    0.00    0.00    0.00    0.00    0.00    0.00  100.00    0.00    0.00
11:21:41      54    0.99    0.00   12.87    0.00    0.00    0.00    0.00    1.98    0.00   84.16
11:21:41      55    1.01    0.00    1.01    0.00    0.00    0.00    0.00   55.56    0.00   42.42
11:21:41      56    0.00    0.00    0.00    0.00    0.00    0.00    0.00    0.00    0.00  100.00
11:21:41      57    0.00    0.00   15.15    0.00    0.00    0.00    0.00   84.85    0.00    0.00
11:21:41      58    0.00    0.00    1.02    0.00    0.00    0.00    0.00    0.00    0.00   98.98
11:21:41      59    0.00    0.00    0.00    0.00    0.00    0.00    0.00    1.03    0.00   98.97
11:21:41      60    0.00    0.00    3.06    0.00    0.00    0.00    0.00    0.00    0.00   96.94
11:21:41      61    0.00    0.00    3.12    0.00    0.00    0.00    0.00    0.00    0.00   96.88
11:21:41      62    3.03    0.00    6.06    0.00    0.00    0.00    0.00    9.09    0.00   81.82
11:21:41      63    0.00    0.00   12.00    0.00    0.00    0.00    0.00   49.00    0.00   39.00
11:21:41      64    0.99    0.00    0.00    0.99    0.00    0.00    0.00    0.00    0.00   98.02
11:21:41      65    0.00    0.00    1.00    0.00    0.00    0.00    0.00    0.00    0.00   99.00
11:21:41      66    0.00    0.00    1.05    0.00    0.00    1.05    0.00    1.05    0.00   96.84
11:21:41      67    1.03    0.00    4.12    0.00    0.00    0.00    0.00    4.12    0.00   90.72
11:21:41      68    0.00    0.00    2.00    0.00    0.00    0.00    0.00    0.00    0.00   98.00
11:21:41      69    0.00    0.00    0.00    0.00    0.00    1.01    0.00    0.00    0.00   98.99
11:21:41      70    0.00    0.00    0.00    0.00    0.00    0.00    0.00    0.00    0.00  100.00
11:21:41      71    0.00    0.00    0.00    0.00    0.00    0.00    0.00  100.00    0.00    0.00
11:21:41      72    0.00    0.00    7.00    0.00    0.00    0.00    0.00   40.00    0.00   53.00
11:21:41      73    0.99    0.00    4.95    0.00    0.00    0.00    0.00   13.86    0.00   80.20
11:21:41      74    0.00    0.00    2.04    0.00    0.00    0.00    0.00    0.00    0.00   97.96
11:21:41      75    0.00    0.00    4.08    0.00    0.00    1.02    0.00    1.02    0.00   93.88
11:21:41      76    0.00    0.00    8.08    0.00    0.00    0.00    0.00   20.20    0.00   71.72
11:21:41      77    0.00    0.00    1.01    0.00    0.00    0.00    0.00    0.00    0.00   98.99
11:21:41      78    0.00    0.00    0.00    0.00    0.00    0.00    0.00    0.00    0.00  100.00
11:21:41      79    0.00    0.00   12.37    0.00    0.00    0.00    0.00    6.19    0.00   81.44
11:21:41      80    0.00    0.00    2.04    0.00    0.00    0.00    0.00    0.00    0.00   97.96
11:21:41      81    0.00    0.00   13.13    0.00    0.00    0.00    0.00    0.00    0.00   86.87
11:21:41      82    0.00    0.00   11.88    0.00    0.00    0.00    0.00    0.00    0.00   88.12
11:21:41      83    0.00    0.00    0.00    1.01    0.00    0.00    0.00    0.00    0.00   98.99
11:21:41      84    0.00    0.00    6.06    0.00    0.00    0.00    0.00   21.21    0.00   72.73
11:21:41      85    0.00    0.00    3.09    0.00    0.00    0.00    0.00   11.34    0.00   85.57
11:21:41      86    0.00    0.00    2.02    0.00    0.00    0.00    0.00    0.00    0.00   97.98
11:21:41      87    0.00    0.00   26.53    0.00    0.00    0.00    0.00    0.00    0.00   73.47
11:21:41      88    0.00    0.00    2.02    0.00    0.00    0.00    0.00    0.00    0.00   97.98
11:21:41      89    1.02    0.00    0.00    0.00    0.00    0.00    0.00    0.00    0.00   98.98
11:21:41      90    0.00    0.00    1.01    0.00    0.00    0.00    0.00    1.01    0.00   97.98
11:21:41      91    0.00    0.00    2.04    1.02    0.00    0.00    0.00    0.00    0.00   96.94
11:21:41      92    0.00    0.00    0.00    0.00    0.00    0.00    0.00    0.00    0.00  100.00
11:21:41      93    0.99    0.00    0.00    0.00    0.00    0.00    0.00   38.61    0.00   60.40
11:21:41      94    0.00    0.00    1.02    0.00    0.00    0.00    0.00    2.04    0.00   96.94
11:21:41      95    0.00    0.00    0.00    0.00    0.00    0.00    0.00   91.92    0.00    8.08
11:21:41      96    0.00    0.00    4.17    1.04    0.00    0.00    0.00   33.33    0.00   61.46
11:21:41      97    2.06    0.00    4.12    0.00    0.00    0.00    0.00    0.00    0.00   93.81
11:21:41      98    1.01    0.00   12.12    0.00    0.00    0.00    0.00    0.00    0.00   86.87
11:21:41      99    0.00    0.00   95.05    0.00    0.00    0.00    0.00    0.00    0.00    4.95
11:21:41     100    0.99    0.00    0.00    0.00    0.00    2.97    0.00   96.04    0.00    0.00
11:21:41     101    0.00    0.00    0.00    0.00    0.00    0.00    0.00    1.00    0.00   99.00
11:21:41     102    0.00    0.00    0.00    0.00    0.00    0.00    0.00    0.00    0.00  100.00
11:21:41     103    1.00    0.00   49.00    0.00    0.00    0.00    0.00    0.00    0.00   50.00
11:21:41     104    0.00    0.00    1.04    1.04    0.00    0.00    0.00    0.00    0.00   97.92
11:21:41     105    0.00    0.00    2.08    0.00    0.00    0.00    0.00    0.00    0.00   97.92
11:21:41     106    0.00    0.00   27.27    0.00    0.00    0.00    0.00   27.27    0.00   45.45
11:21:41     107    1.01    0.00    0.00    0.00    0.00    0.00    0.00    5.05    0.00   93.94
11:21:41     108    0.00    0.00    5.00    0.00    0.00    0.00    0.00   77.00    0.00   18.00
11:21:41     109    0.00    0.00    0.00    0.00    0.00    0.00    0.00    0.00    0.00  100.00
11:21:41     110    0.00    0.00   28.28    0.00    0.00    0.00    0.00    0.00    0.00   71.72
11:21:41     111    0.00    0.00    1.01    0.00    0.00    0.00    0.00    0.00    0.00   98.99
11:21:41     112    0.00    0.00    0.00    0.00    0.00    1.00    0.00   99.00    0.00    0.00
11:21:41     113    0.00    0.00    0.00    0.00    0.00    0.00    0.00    0.00    0.00  100.00
11:21:41     114    0.00    0.00   10.10    0.00    0.00    0.00    0.00    6.06    0.00   83.84
11:21:41     115    0.00    0.00    0.00    0.00    0.00    0.00    0.00    9.18    0.00   90.82
11:21:41     116    0.00    0.00    0.00    0.00    0.00    0.00    0.00    0.00    0.00  100.00
11:21:41     117    0.00    0.00   98.97    0.00    0.00    0.00    0.00    1.03    0.00    0.00
11:21:41     118    0.00    0.00    0.00    0.00    0.00    0.00    0.00    0.00    0.00  100.00
11:21:41     119    0.00    0.00    5.10    0.00    0.00    0.00    0.00    0.00    0.00   94.90
11:21:41     120    0.00    0.00    0.00    1.01    0.00    0.00    0.00    0.00    0.00   98.99
11:21:41     121    0.00    0.00    0.00    0.00    0.00    0.00    0.00    0.00    0.00  100.00
11:21:41     122    1.01    0.00    2.02    0.00    0.00    0.00    0.00   14.14    0.00   82.83
11:21:41     123    1.02    0.00    1.02    0.00    0.00    0.00    0.00   40.82    0.00   57.14
11:21:41     124    0.00    0.00    1.02    0.00    0.00    0.00    0.00    0.00    0.00   98.98
11:21:41     125    0.00    0.00    0.00    0.00    0.00    0.00    0.00  100.00    0.00    0.00
11:21:41     126    1.05    0.00    4.21    0.00    0.00    0.00    0.00    1.05    0.00   93.68
11:21:41     127    0.00    0.00    5.15    1.03    0.00    0.00    0.00    0.00    0.00   93.81
11:21:41     128    9.09    0.00    3.03    0.00    0.00    0.00    0.00    0.00    0.00   87.88
11:21:41     129    2.04    0.00    3.06    0.00    0.00    0.00    0.00    1.02    0.00   93.88
11:21:41     130    1.01    0.00    2.02    0.00    0.00    0.00    0.00    0.00    0.00   96.97
11:21:41     131    1.00    0.00   78.00    0.00    0.00    0.00    0.00    8.00    0.00   13.00
11:21:41     132    0.00    0.00    3.03    0.00    0.00    0.00    0.00    0.00    0.00   96.97
11:21:41     133    0.00    0.00   87.13    0.00    0.00    0.00    0.00    0.00    0.00   12.87
11:21:41     134    0.00    0.00   17.35    0.00    0.00    0.00    0.00   28.57    0.00   54.08
11:21:41     135    0.00    0.00   24.49    0.00    0.00    0.00    0.00    2.04    0.00   73.47
11:21:41     136    0.00    0.00    4.08    0.00    0.00    0.00    0.00    0.00    0.00   95.92
11:21:41     137    0.00    0.00    5.15    0.00    0.00    0.00    0.00    0.00    0.00   94.85
11:21:41     138    1.01    0.00    0.00    0.00    0.00    0.00    0.00    0.00    0.00   98.99
11:21:41     139    1.00    0.00    2.00    0.00    0.00    0.00    0.00    0.00    0.00   97.00
11:21:41     140    0.00    0.00    3.12    1.04    0.00    0.00    0.00    0.00    0.00   95.83
11:21:41     141    0.00    0.00    4.17    0.00    0.00    0.00    0.00    0.00    0.00   95.83
11:21:41     142    0.00    0.00    6.19    1.03    0.00    0.00    0.00    0.00    0.00   92.78
11:21:41     143    0.00    0.00    1.02    0.00    0.00    0.00    0.00   16.33    0.00   82.65
11:21:41     144    0.00    0.00   16.00    0.00    0.00    0.00    0.00    7.00    0.00   77.00
11:21:41     145    0.00    0.00   56.44    0.00    0.00    0.00    0.00   12.87    0.00   30.69
11:21:41     146    1.01    0.00    1.01    1.01    0.00    0.00    0.00   46.46    0.00   50.51
11:21:41     147    0.00    0.00    1.02    0.00    0.00    0.00    0.00   42.86    0.00   56.12
11:21:41     148    0.00    0.00   15.31    0.00    0.00    0.00    0.00    4.08    0.00   80.61
11:21:41     149    0.00    0.00    1.04    0.00    0.00    0.00    0.00    1.04    0.00   97.92
11:21:41     150    0.00    0.00    2.04    0.00    0.00    0.00    0.00    5.10    0.00   92.86
11:21:41     151    0.00    0.00    5.00    1.00    0.00    0.00    0.00    5.00    0.00   89.00
11:21:41     152    1.02    0.00    5.10    0.00    0.00    0.00    0.00    5.10    0.00   88.78
11:21:41     153    0.00    0.00    4.12    0.00    0.00    0.00    0.00    0.00    0.00   95.88
11:21:41     154    0.00    0.00    1.02    0.00    0.00    0.00    0.00    0.00    0.00   98.98
11:21:41     155    0.00    0.00    1.02    0.00    0.00    0.00    0.00    0.00    0.00   98.98
11:21:41     156    0.00    0.00   20.62    0.00    0.00    0.00    0.00    0.00    0.00   79.38
11:21:41     157    0.00    0.00   12.37    0.00    0.00    0.00    0.00    0.00    0.00   87.63
11:21:41     158    0.00    0.00    2.02    0.00    0.00    0.00    0.00    0.00    0.00   97.98
11:21:41     159    0.00    0.00   38.38    0.00    0.00    0.00    0.00   61.62    0.00    0.00
11:21:41     160   11.22    0.00    3.06    0.00    0.00    0.00    0.00    0.00    0.00   85.71
11:21:41     161    0.00    0.00   31.00    0.00    0.00    0.00    0.00   69.00    0.00    0.00
11:21:41     162    0.00    0.00    0.00    0.00    0.00    0.00    0.00   97.00    0.00    3.00
11:21:41     163    0.00    0.00    8.08    0.00    0.00    0.00    0.00    0.00    0.00   91.92
11:21:41     164    0.00    0.00    0.00    0.00    0.00    0.00    0.00    0.00    0.00  100.00
11:21:41     165    0.00    0.00    0.00    0.00    0.00    0.00    0.00  100.00    0.00    0.00
11:21:41     166    0.00    0.00   45.00    0.00    0.00    0.00    0.00    0.00    0.00   55.00
11:21:41     167    0.00    0.00   34.34    0.00    0.00    0.00    0.00    0.00    0.00   65.66
11:21:41     168    0.00    0.00    3.06    0.00    0.00    0.00    0.00    0.00    0.00   96.94
11:21:41     169    0.00    0.00    8.08    0.00    0.00    0.00    0.00    1.01    0.00   90.91
11:21:41     170    0.00    0.00    4.17    0.00    0.00    0.00    0.00    0.00    0.00   95.83
11:21:41     171    0.00    0.00    2.06    1.03    0.00    0.00    0.00    0.00    0.00   96.91
11:21:41     172    0.00    0.00   26.00    0.00    0.00    0.00    0.00    1.00    0.00   73.00
11:21:41     173    0.00    0.00    1.00    0.00    0.00    0.00    0.00    2.00    0.00   97.00
11:21:41     174   12.24    0.00    1.02    0.00    0.00    0.00    0.00    0.00    0.00   86.73
11:21:41     175   15.15    0.00   13.13    0.00    0.00    0.00    0.00    0.00    0.00   71.72
11:21:41     176    0.00    0.00    6.12    0.00    0.00    0.00    0.00    2.04    0.00   91.84
11:21:41     177    1.02    0.00   30.61    0.00    0.00    0.00    0.00   18.37    0.00   50.00
11:21:41     178    0.00    0.00    0.00    0.00    0.00    0.00    0.00  100.00    0.00    0.00
11:21:41     179    0.00    0.00    1.01    0.00    0.00    0.00    0.00    0.00    0.00   98.99
11:21:41     180    2.02    0.00    3.03    0.00    0.00    0.00    0.00    1.01    0.00   93.94
11:21:41     181    0.00    0.00    3.09    0.00    0.00    0.00    0.00    2.06    0.00   94.85
11:21:41     182    1.03    0.00    6.19    0.00    0.00    0.00    0.00    1.03    0.00   91.75
11:21:41     183    1.01    0.00    3.03    0.00    0.00    0.00    0.00    0.00    0.00   95.96
11:21:41     184    0.00    0.00   76.77    0.00    0.00    0.00    0.00    5.05    0.00   18.18
11:21:41     185    0.00    0.00   19.00    0.00    0.00    0.00    0.00    0.00    0.00   81.00
11:21:41     186    0.00    0.00   64.36    0.00    0.00    0.00    0.00   14.85    0.00   20.79
11:21:41     187    1.00    0.00   18.00    0.00    0.00    0.00    0.00   10.00    0.00   71.00
11:21:41     188    0.00    0.00    0.00    0.00    0.00    0.00    0.00    0.00    0.00  100.00
11:21:41     189    0.00    0.00    0.00    0.00    0.00    0.00    0.00   68.37    0.00   31.63
11:21:41     190    0.00    0.00   18.56    0.00    0.00    0.00    0.00    8.25    0.00   73.20
11:21:41     191    2.04    0.00    0.00    0.00    0.00    0.00    0.00    0.00    0.00   97.96
11:21:41     192    0.00    0.00    3.00    0.00    0.00    0.00    0.00   85.00    0.00   12.00
11:21:41     193    0.00    0.00    0.00    0.00    0.00    0.00    0.00    0.00    0.00  100.00
11:21:41     194    0.00    0.00    0.00    0.00    0.00    0.00    0.00    0.00    0.00  100.00
11:21:41     195    0.00    0.00  100.00    0.00    0.00    0.00    0.00    0.00    0.00    0.00
11:21:41     196    0.00    0.00    7.92    0.00    0.00    0.00    0.00   92.08    0.00    0.00
11:21:41     197    0.00    0.00    0.00    0.00    0.00    0.00    0.00    0.00    0.00  100.00
11:21:41     198    0.00    0.00    2.04    0.00    0.00    0.00    0.00    0.00    0.00   97.96
11:21:41     199    0.00    0.00    7.07    0.00    0.00    0.00    0.00    0.00    0.00   92.93
11:21:41     200    0.00    0.00    6.00    0.00    0.00    0.00    0.00    0.00    0.00   94.00
11:21:41     201    0.00    0.00    3.03    0.00    0.00    0.00    0.00    0.00    0.00   96.97
11:21:41     202    1.01    0.00    0.00    0.00    0.00    0.00    0.00    0.00    0.00   98.99
11:21:41     203    0.00    0.00    1.00    0.00    0.00    0.00    0.00    2.00    0.00   97.00
11:21:41     204    1.00    0.00    1.00    0.00    0.00    0.00    0.00    2.00    0.00   96.00
11:21:41     205    0.00    0.00    1.02    0.00    0.00    0.00    0.00    0.00    0.00   98.98
11:21:41     206    0.00    0.00    9.09    0.00    0.00    0.00    0.00   35.35    0.00   55.56
11:21:41     207    0.00    0.00   10.20    0.00    0.00    0.00    0.00    3.06    0.00   86.73
11:21:41     208    0.00    0.00    9.09    0.00    0.00    0.00    0.00    0.00    0.00   90.91
11:21:41     209    0.00    0.00   10.20    0.00    0.00    0.00    0.00    0.00    0.00   89.80
11:21:41     210    0.00    0.00    4.08    0.00    0.00    0.00    0.00   46.94    0.00   48.98
11:21:41     211    0.00    0.00    1.02    1.02    0.00    0.00    0.00   12.24    0.00   85.71
11:21:41     212    0.00    0.00   20.20    0.00    0.00    0.00    0.00    3.03    0.00   76.77
11:21:41     213    0.00    0.00   76.77    0.00    0.00    0.00    0.00    0.00    0.00   23.23
11:21:41     214    1.01    0.00    4.04    0.00    0.00    0.00    0.00    1.01    0.00   93.94
11:21:41     215    0.00    0.00   14.29    0.00    0.00    0.00    0.00    0.00    0.00   85.71
11:21:41     216    0.00    0.00    0.00    0.00    0.00    0.00    0.00  100.00    0.00    0.00
11:21:41     217    0.00    0.00    0.00    0.00    0.00    0.00    0.00    0.00    0.00  100.00
11:21:41     218    2.00    0.00    0.00    0.00    0.00    0.00    0.00    0.00    0.00   98.00
11:21:41     219    0.00    0.00    0.00    0.00    0.00    0.00    0.00   42.86    0.00   57.14
11:21:41     220    0.00    0.00    0.00    0.00    0.00    0.00    0.00    0.00    0.00  100.00
